10 0.481000 0.722667 0.250000 0.293333
3 0.612000 0.816000 0.224000 0.368000
3 0.341000 0.814667 0.226000 0.370667
12 0.456000 0.652000 0.028000 0.114667
12 0.479000 0.625333 0.022000 0.114667
3 0.717000 0.486667 0.070000 0.178667
3 0.343000 0.549333 0.054000 0.080000
3 0.365000 0.542667 0.094000 0.141333
3 0.563000 0.541333 0.118000 0.133333
3 0.623000 0.578667 0.082000 0.128000
3 0.691000 0.718667 0.110000 0.322667
3 0.270000 0.730667 0.140000 0.362667
3 0.944000 0.877333 0.112000 0.245333
0 0.760000 0.824000 0.056000 0.352000
0 0.757000 0.648000 0.046000 0.138667
