10 0.671000 0.687688 0.658000 0.624625
0 0.892000 0.834835 0.216000 0.330330
0 0.161000 0.827327 0.254000 0.345345
3 0.215000 0.665165 0.306000 0.669670
3 0.268000 0.551051 0.188000 0.441441
3 0.331000 0.490991 0.114000 0.363363
3 0.412000 0.421922 0.128000 0.297297
3 0.451000 0.384384 0.078000 0.156156
3 0.304000 0.249249 0.084000 0.264264
3 0.567000 0.319820 0.110000 0.135135
3 0.704000 0.286787 0.068000 0.051051
3 0.785000 0.289790 0.062000 0.069069
3 0.944000 0.351351 0.068000 0.120120
3 0.766000 0.689189 0.328000 0.615616
3 0.780000 0.450450 0.220000 0.282282
3 0.710000 0.411411 0.108000 0.252252
3 0.686000 0.379880 0.056000 0.159159
