17 0.581000 0.860360 0.086000 0.147147
17 0.469000 0.824324 0.050000 0.135135
17 0.366000 0.824324 0.060000 0.099099
17 0.323000 0.765766 0.046000 0.072072
17 0.037000 0.794294 0.058000 0.057057
17 0.735000 0.723724 0.050000 0.042042
17 0.303000 0.750751 0.034000 0.030030
17 0.231000 0.740240 0.034000 0.039039
17 0.099000 0.761261 0.046000 0.045045
17 0.046000 0.765766 0.032000 0.042042
17 0.664000 0.698198 0.028000 0.033033
17 0.786000 0.693694 0.028000 0.036036
17 0.845000 0.705706 0.034000 0.042042
17 0.910000 0.698198 0.032000 0.033033
17 0.958000 0.690691 0.028000 0.042042
