15 0.625000 0.611111 0.650000 0.641026
3 0.578000 0.380342 0.528000 0.705128
3 0.319000 0.205128 0.054000 0.111111
3 0.250000 0.200855 0.040000 0.128205
3 0.223000 0.215812 0.054000 0.098291
3 0.156000 0.206197 0.044000 0.130342
3 0.110000 0.217949 0.068000 0.111111
3 0.048000 0.215812 0.052000 0.106838
3 0.388000 0.206197 0.032000 0.113248
3 0.419000 0.195513 0.038000 0.100427
3 0.777000 0.217949 0.034000 0.042735
3 0.757000 0.215812 0.030000 0.055556
3 0.866000 0.210470 0.036000 0.057692
3 0.828000 0.217949 0.032000 0.047009
