1 0.500000 0.549333 0.996000 0.794667
1 0.905000 0.788000 0.190000 0.424000
3 0.711000 0.185333 0.070000 0.328000
3 0.849000 0.185333 0.082000 0.333333
3 0.788000 0.338667 0.084000 0.149333
3 0.893000 0.366667 0.110000 0.157333
3 0.788000 0.169333 0.068000 0.221333
3 0.932000 0.206667 0.088000 0.258667
3 0.606000 0.110667 0.068000 0.125333
3 0.432000 0.112000 0.052000 0.074667
3 0.386000 0.106667 0.056000 0.090667
3 0.317000 0.110667 0.062000 0.077333
3 0.254000 0.097333 0.036000 0.114667
3 0.167000 0.125333 0.066000 0.106667
3 0.090000 0.165333 0.064000 0.154667
3 0.201000 0.122667 0.062000 0.080000
3 0.657000 0.120000 0.050000 0.138667
3 0.760000 0.164000 0.052000 0.226667
