1 0.510000 0.465333 0.748000 0.317333
3 0.627000 0.386667 0.066000 0.074667
3 0.942000 0.261333 0.044000 0.256000
3 0.916000 0.177333 0.028000 0.082667
3 0.858000 0.272000 0.040000 0.229333
3 0.819000 0.269333 0.046000 0.229333
3 0.894000 0.344000 0.092000 0.368000
3 0.724000 0.244000 0.100000 0.232000
3 0.624000 0.246667 0.120000 0.152000
3 0.562000 0.246667 0.056000 0.120000
3 0.500000 0.242667 0.076000 0.160000
3 0.422000 0.272000 0.052000 0.202667
3 0.325000 0.277333 0.078000 0.240000
3 0.275000 0.290667 0.062000 0.224000
3 0.133000 0.312000 0.078000 0.304000
3 0.077000 0.336000 0.078000 0.304000
3 0.018000 0.328000 0.028000 0.309333
