2 0.521000 0.621257 0.102000 0.278443
2 0.924000 0.633234 0.092000 0.296407
2 0.605000 0.594311 0.086000 0.236527
2 0.673000 0.544910 0.050000 0.227545
2 0.396000 0.678144 0.104000 0.302395
2 0.200000 0.456587 0.068000 0.152695
3 0.912000 0.500000 0.104000 0.443114
3 0.512000 0.477545 0.096000 0.386228
3 0.600000 0.467066 0.084000 0.335329
3 0.198000 0.387725 0.064000 0.230539
3 0.642000 0.359281 0.068000 0.191617
3 0.725000 0.423653 0.062000 0.338323
3 0.772000 0.407186 0.040000 0.329341
3 0.938000 0.317365 0.056000 0.191617
3 0.689000 0.402695 0.058000 0.314371
3 0.116000 0.498503 0.088000 0.470060
3 0.286000 0.357784 0.044000 0.224551
3 0.058000 0.459581 0.072000 0.440120
3 0.493000 0.270958 0.018000 0.056886
3 0.465000 0.245509 0.022000 0.053892
3 0.446000 0.288922 0.040000 0.116766
3 0.410000 0.279940 0.024000 0.038922
3 0.325000 0.362275 0.034000 0.233533
3 0.244000 0.360778 0.052000 0.218563
3 0.207000 0.269461 0.030000 0.071856
3 0.018000 0.350299 0.032000 0.119760
