15 0.406000 0.726667 0.112000 0.264000
15 0.298000 0.697333 0.124000 0.184000
3 0.070000 0.645333 0.044000 0.165333
3 0.122000 0.654667 0.056000 0.205333
3 0.173000 0.657333 0.054000 0.200000
3 0.182000 0.629333 0.036000 0.197333
3 0.209000 0.632000 0.042000 0.240000
3 0.294000 0.648000 0.116000 0.293333
3 0.414000 0.660000 0.124000 0.370667
3 0.520000 0.686667 0.056000 0.285333
3 0.594000 0.681333 0.044000 0.264000
3 0.631000 0.678667 0.046000 0.269333
4 0.667000 0.778667 0.098000 0.101333
3 0.686000 0.672000 0.052000 0.186667
3 0.754000 0.697333 0.060000 0.232000
3 0.808000 0.704000 0.040000 0.234667
3 0.859000 0.673333 0.062000 0.290667
3 0.710000 0.673333 0.044000 0.274667
3 0.493000 0.597333 0.034000 0.133333
