2 0.472000 0.723054 0.488000 0.416168
2 0.853000 0.435629 0.294000 0.344311
2 0.341000 0.302395 0.294000 0.413174
2 0.786000 0.276946 0.384000 0.482036
2 0.239000 0.158683 0.142000 0.311377
3 0.524000 0.142216 0.096000 0.272455
3 0.303000 0.245509 0.178000 0.485030
3 0.489000 0.505988 0.302000 0.467066
3 0.145000 0.655689 0.182000 0.598802
3 0.103000 0.892216 0.166000 0.167665
3 0.446000 0.866766 0.124000 0.134731
3 0.145000 0.565868 0.174000 0.646707
3 0.826000 0.341317 0.236000 0.670659
3 0.764000 0.263473 0.108000 0.520958
3 0.089000 0.244012 0.174000 0.482036
