12 0.488000 0.743000 0.122667 0.198000
12 0.272000 0.676000 0.165333 0.216000
12 0.309333 0.613000 0.133333 0.202000
12 0.421333 0.659000 0.106667 0.214000
12 0.532000 0.627000 0.120000 0.238000
12 0.564000 0.484000 0.146667 0.280000
12 0.777333 0.416000 0.120000 0.204000
12 0.670667 0.411000 0.104000 0.258000
12 0.593333 0.457000 0.088000 0.194000
12 0.402667 0.541000 0.122667 0.154000
12 0.316000 0.484000 0.098667 0.156000
12 0.344000 0.396000 0.106667 0.156000
12 0.374667 0.352000 0.077333 0.116000
12 0.434667 0.315000 0.080000 0.130000
12 0.454667 0.434000 0.077333 0.108000
12 0.440000 0.510000 0.117333 0.200000
12 0.601333 0.359000 0.066667 0.146000
12 0.616000 0.281000 0.064000 0.134000
12 0.642667 0.233000 0.074667 0.122000
12 0.713333 0.220000 0.050667 0.040000
12 0.716000 0.310000 0.077333 0.136000
12 0.842667 0.328000 0.074667 0.156000
12 0.820000 0.376000 0.072000 0.184000
12 0.774667 0.268000 0.056000 0.092000
12 0.446667 0.263000 0.082667 0.118000
