11 0.244000 0.183511 0.136000 0.101064
11 0.366000 0.291223 0.136000 0.103723
11 0.370000 0.208777 0.140000 0.114362
11 0.379000 0.912234 0.154000 0.106383
11 0.633000 0.861702 0.218000 0.127660
11 0.826000 0.808511 0.164000 0.101064
11 0.943000 0.526596 0.114000 0.122340
11 0.628000 0.519947 0.192000 0.114362
11 0.764000 0.376330 0.148000 0.109043
11 0.792000 0.062500 0.152000 0.098404
11 0.583000 0.067819 0.126000 0.103723
11 0.665000 0.105053 0.126000 0.077128
11 0.178000 0.252660 0.128000 0.117021
11 0.256000 0.839096 0.212000 0.140957
11 0.457000 0.819149 0.118000 0.122340
11 0.732000 0.783245 0.172000 0.103723
11 0.729000 0.574468 0.142000 0.085106
11 0.432000 0.731383 0.232000 0.154255
11 0.285000 0.619681 0.154000 0.127660
11 0.230000 0.460106 0.136000 0.164894
11 0.369000 0.413564 0.138000 0.146277
11 0.823000 0.304521 0.166000 0.125000
11 0.639000 0.255319 0.130000 0.138298
11 0.417000 0.148936 0.102000 0.095745
11 0.339000 0.125000 0.078000 0.106383
11 0.500000 0.605053 0.192000 0.135638
11 0.936000 0.119681 0.080000 0.132979
11 0.847000 0.175532 0.146000 0.132979
11 0.737000 0.163564 0.126000 0.077128
11 0.759000 0.214096 0.102000 0.146277
11 0.524000 0.367021 0.144000 0.148936
11 0.523000 0.320479 0.150000 0.098404
11 0.661000 0.341755 0.102000 0.125000
11 0.660000 0.440160 0.136000 0.093085
11 0.755000 0.478723 0.134000 0.111702
11 0.953000 0.420213 0.094000 0.122340
11 0.900000 0.045213 0.096000 0.074468
11 0.865000 0.252660 0.142000 0.101064
11 0.549000 0.192819 0.094000 0.125000
11 0.594000 0.134309 0.096000 0.125000
11 0.450000 0.261968 0.088000 0.114362
11 0.930000 0.304521 0.128000 0.066489
