17 0.745000 0.460000 0.310000 0.236000
17 0.625000 0.334000 0.298000 0.076000
17 0.692000 0.319000 0.304000 0.074000
17 0.302000 0.406000 0.308000 0.284000
17 0.070000 0.312000 0.136000 0.192000
17 0.302000 0.238000 0.188000 0.048000
17 0.526000 0.250000 0.124000 0.060000
17 0.539000 0.237000 0.258000 0.074000
17 0.497000 0.472000 0.238000 0.248000
17 0.928000 0.257000 0.116000 0.066000
17 0.147000 0.363000 0.262000 0.218000
17 0.954000 0.326000 0.092000 0.160000
17 0.976000 0.210000 0.044000 0.064000
17 0.788000 0.246000 0.100000 0.072000
17 0.810000 0.263000 0.124000 0.054000
17 0.881000 0.390000 0.114000 0.228000
17 0.673000 0.259000 0.138000 0.078000
17 0.273000 0.279000 0.050000 0.058000
17 0.182000 0.251000 0.104000 0.050000
