1 0.509000 0.543544 0.670000 0.612613
1 0.158000 0.424925 0.312000 0.237237
1 0.972000 0.400901 0.056000 0.147147
3 0.065000 0.417417 0.122000 0.342342
3 0.940000 0.405405 0.060000 0.234234
1 0.174000 0.771772 0.344000 0.456456
3 0.965000 0.687688 0.070000 0.624625
3 0.949000 0.148649 0.026000 0.081081
3 0.795000 0.151652 0.030000 0.069069
3 0.761000 0.141141 0.030000 0.084084
3 0.731000 0.142643 0.030000 0.057057
3 0.678000 0.135135 0.020000 0.054054
3 0.539000 0.127628 0.026000 0.057057
3 0.565000 0.133634 0.022000 0.039039
3 0.595000 0.141141 0.014000 0.042042
3 0.627000 0.144144 0.018000 0.048048
3 0.906000 0.151652 0.024000 0.063063
