17 0.221000 0.698667 0.142000 0.128000
17 0.361000 0.634667 0.082000 0.090667
17 0.306000 0.668000 0.104000 0.098667
17 0.823000 0.650667 0.058000 0.101333
17 0.684000 0.642667 0.076000 0.101333
17 0.499000 0.668000 0.090000 0.098667
17 0.552000 0.634667 0.068000 0.096000
17 0.373000 0.560000 0.066000 0.058667
17 0.458000 0.562667 0.036000 0.048000
17 0.779000 0.626667 0.042000 0.064000
17 0.740000 0.556000 0.048000 0.050667
17 0.791000 0.556000 0.050000 0.050667
17 0.577000 0.597333 0.054000 0.069333
