12 0.511000 0.728000 0.038000 0.117333
3 0.130000 0.778667 0.240000 0.442667
3 0.758000 0.750667 0.224000 0.445333
3 0.620000 0.633333 0.172000 0.280000
3 0.539000 0.390667 0.078000 0.109333
3 0.059000 0.624000 0.106000 0.378667
3 0.239000 0.600000 0.150000 0.373333
3 0.334000 0.548000 0.160000 0.376000
3 0.431000 0.401333 0.046000 0.109333
3 0.477000 0.488000 0.086000 0.272000
3 0.643000 0.397333 0.062000 0.122667
3 0.710000 0.420000 0.032000 0.098667
10 0.497000 0.854667 0.686000 0.290667
10 0.606000 0.514667 0.236000 0.138667
0 0.883000 0.814667 0.190000 0.280000
0 0.476000 0.544000 0.112000 0.181333
0 0.683000 0.532000 0.078000 0.130667
