2 0.914000 0.714072 0.172000 0.296407
2 0.628000 0.660180 0.228000 0.266467
2 0.685000 0.661677 0.234000 0.251497
2 0.421000 0.637725 0.202000 0.263473
2 0.357000 0.564371 0.170000 0.200599
2 0.211000 0.541916 0.178000 0.263473
2 0.054000 0.464072 0.100000 0.197605
3 0.051000 0.360778 0.098000 0.248503
3 0.230000 0.441617 0.136000 0.320359
3 0.352000 0.450599 0.104000 0.236527
3 0.448000 0.532934 0.140000 0.323353
3 0.640000 0.541916 0.152000 0.287425
3 0.709000 0.549401 0.142000 0.308383
3 0.943000 0.642216 0.114000 0.332335
3 0.677000 0.136228 0.062000 0.128743
3 0.603000 0.131737 0.066000 0.113772
3 0.508000 0.113772 0.072000 0.125749
