15 0.806000 0.444109 0.240000 0.205438
15 0.271000 0.554381 0.310000 0.299094
3 0.316000 0.524169 0.120000 0.365559
3 0.843000 0.406344 0.094000 0.299094
1 0.931000 0.247734 0.094000 0.102719
1 0.827000 0.261329 0.082000 0.075529
1 0.755000 0.247734 0.122000 0.114804
1 0.651000 0.255287 0.090000 0.105740
1 0.568000 0.258308 0.084000 0.093656
1 0.482000 0.264350 0.088000 0.093656
15 0.322000 0.282477 0.056000 0.057402
1 0.269000 0.271903 0.122000 0.090634
1 0.161000 0.280967 0.110000 0.066465
1 0.094000 0.280967 0.100000 0.072508
1 0.039000 0.282477 0.074000 0.075529
