10 0.979000 0.768769 0.042000 0.366366
10 0.317000 0.496997 0.626000 0.411411
12 0.446000 0.235736 0.040000 0.165165
12 0.363000 0.307808 0.042000 0.207207
12 0.388000 0.298799 0.040000 0.213213
12 0.107000 0.421922 0.054000 0.243243
12 0.057000 0.409910 0.038000 0.225225
12 0.137000 0.373874 0.054000 0.189189
0 0.660000 0.361862 0.072000 0.165165
0 0.619000 0.430931 0.098000 0.201201
0 0.497000 0.591592 0.098000 0.420420
0 0.386000 0.513514 0.116000 0.138138
0 0.845000 0.489489 0.042000 0.036036
0 0.925000 0.531532 0.090000 0.300300
0 0.973000 0.463964 0.054000 0.303303
0 0.977000 0.300300 0.046000 0.060060
3 0.756000 0.569069 0.452000 0.861862
3 0.239000 0.576577 0.462000 0.834835
