16 0.508000 0.483384 0.588000 0.531722
16 0.181000 0.670695 0.358000 0.658610
10 0.646000 0.521148 0.172000 0.323263
10 0.805000 0.915408 0.390000 0.169184
10 0.886000 0.717523 0.228000 0.232628
10 0.947000 0.577039 0.106000 0.072508
10 0.094000 0.652568 0.184000 0.277946
3 0.222000 0.620846 0.192000 0.703927
0 0.586000 0.845921 0.176000 0.308157
0 0.749000 0.734139 0.134000 0.392749
0 0.941000 0.487915 0.110000 0.172205
0 0.985000 0.353474 0.030000 0.145015
0 0.738000 0.169184 0.048000 0.096677
0 0.654000 0.141994 0.044000 0.096677
0 0.867000 0.157100 0.050000 0.060423
0 0.747000 0.143505 0.046000 0.075529
