3 0.047000 0.565333 0.090000 0.426667
3 0.185000 0.374667 0.138000 0.210667
3 0.267000 0.420000 0.090000 0.141333
3 0.433000 0.516000 0.098000 0.440000
3 0.502000 0.632000 0.152000 0.410667
3 0.274000 0.777333 0.140000 0.408000
3 0.047000 0.897333 0.090000 0.205333
3 0.147000 0.890667 0.122000 0.218667
3 0.264000 0.904000 0.088000 0.192000
3 0.378000 0.882667 0.124000 0.234667
3 0.341000 0.956000 0.110000 0.088000
6 0.291000 0.621333 0.578000 0.330667
3 0.972000 0.572000 0.056000 0.344000
3 0.958000 0.481333 0.084000 0.397333
3 0.827000 0.428000 0.146000 0.413333
6 0.727000 0.333333 0.190000 0.517333
