19 0.403000 0.401333 0.798000 0.690667
1 0.822000 0.480000 0.060000 0.122667
3 0.987000 0.453333 0.018000 0.058667
3 0.945000 0.446667 0.010000 0.050667
3 0.905000 0.454667 0.014000 0.056000
3 0.919000 0.444000 0.014000 0.045333
3 0.872000 0.457333 0.020000 0.045333
3 0.674000 0.206667 0.028000 0.040000
3 0.640000 0.208000 0.028000 0.037333
3 0.600000 0.189333 0.036000 0.042667
3 0.558000 0.170667 0.036000 0.037333
3 0.511000 0.156000 0.042000 0.040000
3 0.458000 0.138667 0.036000 0.048000
3 0.397000 0.118667 0.066000 0.072000
3 0.620000 0.441333 0.036000 0.050667
3 0.654000 0.430667 0.028000 0.056000
