1 0.519000 0.381333 0.962000 0.570667
15 0.507000 0.453333 0.974000 0.714667
3 0.939000 0.166667 0.094000 0.242667
3 0.227000 0.129333 0.102000 0.173333
3 0.100000 0.157333 0.072000 0.176000
3 0.047000 0.145333 0.058000 0.210667
3 0.731000 0.182667 0.086000 0.205333
3 0.459000 0.085333 0.050000 0.053333
3 0.400000 0.096000 0.040000 0.037333
3 0.331000 0.100000 0.058000 0.072000
3 0.618000 0.102667 0.052000 0.050667
3 0.686000 0.106667 0.028000 0.058667
3 0.716000 0.110667 0.040000 0.066667
3 0.853000 0.158667 0.054000 0.120000
3 0.989000 0.166667 0.022000 0.162667
