19 0.221000 0.506667 0.430000 0.986667
19 0.452000 0.500000 0.092000 0.434667
1 0.934000 0.874667 0.132000 0.250667
1 0.812000 0.693333 0.220000 0.202667
1 0.622000 0.806667 0.220000 0.306667
1 0.585000 0.642667 0.154000 0.154667
1 0.577000 0.548000 0.090000 0.061333
1 0.567000 0.506667 0.074000 0.064000
1 0.592000 0.482667 0.056000 0.058667
1 0.743000 0.597333 0.122000 0.133333
1 0.686000 0.541333 0.092000 0.101333
1 0.675000 0.476000 0.054000 0.029333
3 0.776000 0.478667 0.024000 0.082667
3 0.678000 0.440000 0.020000 0.026667
