3 0.047000 0.481333 0.090000 0.392000
3 0.138000 0.532000 0.112000 0.269333
3 0.295000 0.420000 0.090000 0.077333
3 0.392000 0.404000 0.048000 0.077333
3 0.473000 0.294667 0.050000 0.072000
3 0.567000 0.269333 0.038000 0.037333
3 0.634000 0.250667 0.032000 0.048000
3 0.738000 0.396000 0.056000 0.093333
3 0.862000 0.370667 0.036000 0.053333
3 0.944000 0.374667 0.040000 0.056000
3 0.867000 0.284000 0.054000 0.152000
1 0.581000 0.544000 0.838000 0.576000
3 0.582000 0.229333 0.076000 0.117333
3 0.512000 0.240000 0.056000 0.122667
3 0.443000 0.284000 0.074000 0.226667
