18 0.508000 0.630631 0.120000 0.288288
18 0.579000 0.621622 0.078000 0.216216
18 0.623000 0.602102 0.086000 0.219219
18 0.664000 0.600601 0.064000 0.222222
18 0.403000 0.617117 0.090000 0.249249
18 0.232000 0.524024 0.052000 0.099099
18 0.298000 0.528529 0.076000 0.078078
18 0.171000 0.591592 0.070000 0.210210
18 0.266000 0.641141 0.084000 0.231231
18 0.330000 0.692192 0.092000 0.255255
1 0.104000 0.480480 0.084000 0.126126
1 0.035000 0.462462 0.066000 0.108108
3 0.232000 0.453453 0.032000 0.030030
