3 0.589000 0.606667 0.586000 0.786667
3 0.770000 0.448000 0.180000 0.522667
3 0.128000 0.653333 0.252000 0.693333
3 0.946000 0.870667 0.108000 0.258667
3 0.917000 0.589333 0.166000 0.581333
3 0.993000 0.092000 0.014000 0.162667
3 0.942000 0.088000 0.044000 0.170667
3 0.885000 0.090667 0.054000 0.176000
3 0.809000 0.086667 0.038000 0.168000
3 0.538000 0.117333 0.052000 0.176000
3 0.414000 0.133333 0.028000 0.170667
3 0.266000 0.221333 0.024000 0.128000
3 0.238000 0.230667 0.024000 0.120000
3 0.216000 0.233333 0.016000 0.104000
3 0.056000 0.422667 0.108000 0.296000
