15 0.113000 0.572508 0.222000 0.280967
15 0.455000 0.503021 0.254000 0.317221
15 0.705000 0.466767 0.118000 0.250755
15 0.772000 0.429003 0.080000 0.181269
15 0.654000 0.404834 0.060000 0.193353
3 0.054000 0.404834 0.104000 0.374622
3 0.463000 0.394260 0.122000 0.365559
3 0.514000 0.273414 0.096000 0.154079
3 0.655000 0.264350 0.070000 0.117825
3 0.709000 0.377644 0.126000 0.338369
3 0.793000 0.354985 0.090000 0.274924
3 0.628000 0.202417 0.036000 0.114804
3 0.409000 0.199396 0.022000 0.108761
1 0.068000 0.176737 0.080000 0.105740
15 0.849000 0.199396 0.030000 0.060423
15 0.881000 0.209970 0.034000 0.069486
15 0.911000 0.206949 0.026000 0.057402
15 0.936000 0.211480 0.036000 0.066465
1 0.255000 0.167674 0.038000 0.051360
