0 0.865000 0.817333 0.158000 0.365333
0 0.663000 0.745333 0.146000 0.322667
0 0.379000 0.738667 0.162000 0.336000
0 0.359000 0.705333 0.114000 0.317333
0 0.207000 0.953333 0.130000 0.093333
0 0.123000 0.790667 0.182000 0.296000
0 0.504000 0.588000 0.056000 0.221333
0 0.558000 0.574667 0.052000 0.205333
10 0.275000 0.700000 0.238000 0.434667
10 0.802000 0.594667 0.172000 0.176000
3 0.417000 0.522667 0.106000 0.208000
3 0.464000 0.469333 0.076000 0.176000
3 0.378000 0.438667 0.076000 0.114667
3 0.290000 0.460000 0.100000 0.146667
3 0.221000 0.456000 0.090000 0.176000
3 0.169000 0.444000 0.090000 0.056000
3 0.178000 0.557333 0.068000 0.149333
3 0.115000 0.473333 0.038000 0.088000
3 0.134000 0.656000 0.248000 0.554667
3 0.611000 0.460000 0.058000 0.136000
3 0.642000 0.484000 0.108000 0.157333
3 0.707000 0.660000 0.158000 0.418667
3 0.970000 0.648000 0.060000 0.389333
3 0.834000 0.692000 0.248000 0.552000
