2 0.715000 0.596000 0.258000 0.200000
2 0.388000 0.588000 0.192000 0.178667
2 0.202000 0.574667 0.144000 0.152000
2 0.049000 0.574667 0.094000 0.141333
3 0.716000 0.505333 0.144000 0.296000
3 0.376000 0.521333 0.112000 0.280000
3 0.189000 0.521333 0.082000 0.216000
3 0.031000 0.501333 0.058000 0.160000
3 0.946000 0.449333 0.056000 0.184000
3 0.881000 0.460000 0.042000 0.152000
3 0.850000 0.437333 0.036000 0.170667
3 0.806000 0.444000 0.044000 0.168000
3 0.759000 0.457333 0.042000 0.104000
3 0.629000 0.460000 0.030000 0.157333
3 0.608000 0.484000 0.024000 0.109333
3 0.464000 0.452000 0.044000 0.141333
3 0.258000 0.441333 0.028000 0.120000
3 0.228000 0.408000 0.024000 0.053333
3 0.227000 0.460000 0.034000 0.104000
3 0.127000 0.468000 0.022000 0.114667
3 0.106000 0.468000 0.024000 0.114667
3 0.990000 0.432000 0.020000 0.160000
