17 0.835000 0.462667 0.066000 0.194667
17 0.477000 0.370667 0.054000 0.053333
17 0.505000 0.384000 0.054000 0.048000
17 0.568000 0.389333 0.056000 0.053333
17 0.659000 0.405333 0.082000 0.053333
17 0.399000 0.360000 0.042000 0.026667
17 0.139000 0.469333 0.078000 0.160000
17 0.137000 0.444000 0.130000 0.146667
17 0.211000 0.464000 0.082000 0.181333
17 0.290000 0.446667 0.148000 0.178667
17 0.369000 0.454667 0.070000 0.184000
17 0.380000 0.370667 0.180000 0.069333
17 0.473000 0.492000 0.202000 0.200000
17 0.609000 0.513333 0.182000 0.237333
17 0.740000 0.497333 0.096000 0.237333
17 0.668000 0.529333 0.192000 0.269333
17 0.759000 0.380000 0.046000 0.040000
17 0.624000 0.372000 0.040000 0.029333
