0 0.084000 0.869333 0.164000 0.261333
0 0.299000 0.738667 0.174000 0.298667
0 0.723000 0.805333 0.174000 0.346667
0 0.675000 0.621333 0.122000 0.213333
0 0.915000 0.625333 0.138000 0.232000
0 0.967000 0.661333 0.066000 0.170667
10 0.464000 0.814667 0.260000 0.317333
3 0.985000 0.592000 0.030000 0.106667
3 0.829000 0.610667 0.174000 0.293333
3 0.655000 0.548000 0.086000 0.120000
3 0.518000 0.506667 0.084000 0.309333
3 0.424000 0.513333 0.084000 0.290667
3 0.071000 0.465333 0.094000 0.312000
3 0.151000 0.472000 0.098000 0.304000
3 0.073000 0.802667 0.142000 0.394667
3 0.684000 0.729333 0.232000 0.472000
3 0.324000 0.701333 0.168000 0.352000
