8 0.488000 0.437333 0.972000 0.688000
3 0.791000 0.712000 0.042000 0.165333
3 0.675000 0.718667 0.034000 0.130667
3 0.729000 0.716000 0.046000 0.157333
3 0.736000 0.705333 0.048000 0.136000
3 0.967000 0.661333 0.014000 0.048000
3 0.949000 0.657333 0.014000 0.056000
3 0.939000 0.656000 0.014000 0.048000
3 0.919000 0.654667 0.018000 0.050667
3 0.927000 0.658667 0.010000 0.048000
3 0.884000 0.653333 0.012000 0.042667
3 0.876000 0.653333 0.012000 0.042667
3 0.858000 0.656000 0.012000 0.037333
3 0.830000 0.657333 0.012000 0.045333
3 0.838000 0.652000 0.012000 0.040000
3 0.843000 0.653333 0.006000 0.032000
3 0.848000 0.652000 0.008000 0.040000
3 0.771000 0.646667 0.014000 0.040000
3 0.756000 0.644000 0.012000 0.034667
