10 0.438000 0.853333 0.636000 0.293333
0 0.844000 0.809333 0.176000 0.381333
3 0.537000 0.373333 0.314000 0.405333
3 0.601000 0.573333 0.262000 0.325333
3 0.370000 0.569333 0.220000 0.269333
3 0.162000 0.637333 0.204000 0.357333
3 0.152000 0.790667 0.300000 0.418667
10 0.937000 0.744000 0.126000 0.346667
12 0.978000 0.585333 0.020000 0.088000
12 0.414000 0.706667 0.032000 0.101333
3 0.794000 0.712000 0.192000 0.576000
3 0.832000 0.512000 0.104000 0.202667
3 0.639000 0.416000 0.082000 0.208000
3 0.356000 0.398667 0.076000 0.146667
3 0.307000 0.417333 0.078000 0.280000
3 0.053000 0.444000 0.102000 0.264000
12 0.376000 0.665333 0.032000 0.077333
