11 0.710000 0.686667 0.076000 0.178667
11 0.364000 0.692000 0.192000 0.136000
11 0.426000 0.526667 0.156000 0.114667
11 0.167000 0.516000 0.150000 0.130667
11 0.876000 0.184000 0.160000 0.133333
11 0.381000 0.377333 0.194000 0.109333
11 0.240000 0.301333 0.164000 0.106667
11 0.036000 0.344000 0.068000 0.133333
11 0.048000 0.706667 0.092000 0.122667
11 0.520000 0.858667 0.156000 0.202667
11 0.776000 0.457333 0.076000 0.136000
11 0.945000 0.626667 0.110000 0.069333
11 0.545000 0.092000 0.102000 0.104000
