3 0.251000 0.588000 0.094000 0.397333
3 0.490000 0.582667 0.084000 0.333333
3 0.589000 0.584000 0.094000 0.336000
3 0.691000 0.577333 0.086000 0.344000
3 0.855000 0.493333 0.098000 0.192000
3 0.083000 0.622667 0.082000 0.424000
3 0.411000 0.596000 0.074000 0.360000
3 0.164000 0.586667 0.104000 0.341333
0 0.153000 0.873333 0.170000 0.237333
0 0.319000 0.877333 0.170000 0.245333
0 0.501000 0.862667 0.142000 0.237333
0 0.650000 0.861333 0.136000 0.250667
0 0.871000 0.912000 0.166000 0.176000
0 0.651000 0.917333 0.118000 0.165333
0 0.498000 0.920000 0.176000 0.160000
0 0.277000 0.922667 0.178000 0.154667
0 0.076000 0.920000 0.148000 0.160000
0 0.831000 0.690667 0.102000 0.224000
3 0.745000 0.909333 0.174000 0.181333
