9 0.601042 0.247222 0.093750 0.094444
12 0.746875 0.359722 0.022917 0.097222
12 0.766667 0.376389 0.020833 0.069444
12 0.781250 0.355556 0.020833 0.088889
12 0.801042 0.363889 0.022917 0.094444
12 0.827083 0.375000 0.016667 0.077778
12 0.840625 0.376389 0.014583 0.063889
12 0.907292 0.373611 0.022917 0.075000
12 0.922917 0.379167 0.012500 0.063889
12 0.890625 0.372222 0.014583 0.072222
12 0.880208 0.370833 0.010417 0.063889
12 0.854167 0.361111 0.012500 0.055556
12 0.866667 0.373611 0.012500 0.063889
12 0.937500 0.255556 0.020833 0.077778
0 0.576042 0.705556 0.110417 0.311111
0 0.342708 0.847222 0.164583 0.177778
0 0.345833 0.877778 0.241667 0.127778
0 0.797917 0.831944 0.245833 0.336111
10 0.984375 0.865278 0.031250 0.180556
10 0.556250 0.816667 0.241667 0.366667
10 0.327083 0.951389 0.466667 0.097222
3 0.421875 0.750000 0.314583 0.500000
3 0.639583 0.698611 0.350000 0.513889
