12 0.288000 0.955000 0.117333 0.090000
12 0.432000 0.963000 0.085333 0.074000
12 0.582667 0.965000 0.088000 0.070000
12 0.752000 0.820000 0.149333 0.332000
12 0.293333 0.532000 0.170667 0.364000
12 0.442667 0.531000 0.144000 0.374000
12 0.594667 0.538000 0.144000 0.380000
12 0.760000 0.535000 0.144000 0.374000
12 0.298667 0.803000 0.154667 0.322000
12 0.448000 0.809000 0.144000 0.322000
12 0.293333 0.238000 0.160000 0.408000
12 0.448000 0.238000 0.144000 0.420000
12 0.601333 0.234000 0.146667 0.420000
12 0.764000 0.230000 0.146667 0.424000
