19 0.836000 0.450667 0.328000 0.368000
3 0.817000 0.580000 0.090000 0.338667
3 0.439000 0.596000 0.078000 0.285333
3 0.319000 0.616000 0.070000 0.346667
3 0.624000 0.596000 0.092000 0.338667
3 0.737000 0.586667 0.062000 0.352000
3 0.723000 0.641333 0.146000 0.392000
3 0.546000 0.614667 0.124000 0.296000
3 0.384000 0.605333 0.100000 0.373333
3 0.260000 0.538667 0.024000 0.117333
3 0.208000 0.604000 0.060000 0.098667
3 0.094000 0.614667 0.032000 0.061333
3 0.172000 0.588000 0.076000 0.237333
3 0.125000 0.614667 0.114000 0.285333
