3 0.532000 0.805333 0.056000 0.229333
3 0.417000 0.837333 0.066000 0.229333
3 0.207000 0.620000 0.034000 0.130667
3 0.120000 0.589333 0.036000 0.106667
3 0.054000 0.662667 0.052000 0.072000
3 0.347000 0.689333 0.038000 0.146667
3 0.440000 0.677333 0.048000 0.154667
3 0.460000 0.664000 0.040000 0.122667
3 0.679000 0.625333 0.038000 0.120000
3 0.050000 0.600000 0.040000 0.090667
3 0.375000 0.473333 0.018000 0.050667
3 0.394000 0.466667 0.016000 0.053333
3 0.423000 0.485333 0.018000 0.064000
3 0.688000 0.486667 0.020000 0.066667
3 0.704000 0.498667 0.020000 0.058667
3 0.745000 0.494667 0.022000 0.061333
3 0.891000 0.493333 0.018000 0.058667
