14 0.409333 0.591000 0.130667 0.194000
14 0.522667 0.608000 0.090667 0.100000
14 0.606667 0.649000 0.088000 0.082000
14 0.700000 0.631000 0.098667 0.078000
14 0.901333 0.483000 0.069333 0.050000
14 0.846667 0.430000 0.082667 0.100000
14 0.789333 0.617000 0.085333 0.094000
14 0.872000 0.647000 0.080000 0.078000
14 0.945333 0.638000 0.093333 0.088000
14 0.104000 0.442000 0.074667 0.084000
3 0.252000 0.704000 0.200000 0.436000
14 0.792000 0.535000 0.117333 0.070000
14 0.045333 0.748000 0.085333 0.232000
