3 0.585000 0.646667 0.114000 0.701333
3 0.497000 0.654667 0.110000 0.536000
3 0.388000 0.657333 0.092000 0.568000
3 0.308000 0.600000 0.284000 0.608000
3 0.320000 0.606667 0.068000 0.578667
3 0.686000 0.549333 0.080000 0.090667
10 0.816000 0.844000 0.360000 0.312000
0 0.294000 0.844000 0.208000 0.306667
0 0.244000 0.874667 0.228000 0.250667
14 0.090000 0.681333 0.176000 0.376000
0 0.681000 0.628000 0.110000 0.104000
14 0.861000 0.624000 0.126000 0.181333
0 0.886000 0.833333 0.188000 0.189333
3 0.430000 0.613333 0.048000 0.410667
