1 0.134000 0.312000 0.112000 0.106667
1 0.853000 0.300000 0.114000 0.077333
1 0.056000 0.285333 0.084000 0.064000
3 0.359000 0.226667 0.082000 0.101333
3 0.568000 0.253333 0.152000 0.309333
3 0.673000 0.308000 0.102000 0.349333
3 0.769000 0.296000 0.098000 0.293333
3 0.970000 0.334667 0.060000 0.338667
15 0.322000 0.585333 0.596000 0.717333
3 0.217000 0.293333 0.030000 0.101333
3 0.241000 0.289333 0.026000 0.109333
3 0.037000 0.290667 0.022000 0.106667
3 0.025000 0.305333 0.022000 0.093333
3 0.011000 0.321333 0.018000 0.066667
1 0.911000 0.302667 0.078000 0.066667
