0 0.340000 0.180000 0.172000 0.354667
0 0.156000 0.284000 0.112000 0.093333
0 0.267000 0.261333 0.094000 0.096000
0 0.032000 0.384000 0.060000 0.133333
0 0.308000 0.772000 0.600000 0.456000
0 0.151000 0.725333 0.298000 0.549333
0 0.654000 0.749333 0.320000 0.501333
0 0.811000 0.681333 0.250000 0.488000
0 0.899000 0.508000 0.130000 0.258667
0 0.697000 0.341333 0.266000 0.314667
0 0.492000 0.441333 0.292000 0.386667
0 0.111000 0.492000 0.174000 0.168000
0 0.534000 0.285333 0.204000 0.256000
0 0.344000 0.378667 0.236000 0.336000
10 0.231000 0.368000 0.362000 0.128000
