19 0.396000 0.635000 0.194667 0.118000
19 0.445333 0.735000 0.336000 0.170000
1 0.500000 0.799000 0.157333 0.070000
1 0.692000 0.697000 0.104000 0.042000
1 0.754667 0.664000 0.090667 0.044000
1 0.893333 0.570000 0.064000 0.036000
1 0.948000 0.557000 0.061333 0.034000
1 0.984000 0.546000 0.032000 0.032000
3 0.429333 0.920000 0.037333 0.064000
3 0.441333 0.907000 0.034667 0.058000
3 0.618667 0.984000 0.042667 0.032000
3 0.652000 0.973000 0.045333 0.054000
3 0.721333 0.984000 0.045333 0.032000
3 0.684000 0.990000 0.040000 0.020000
