12 0.037000 0.355738 0.038000 0.632787
12 0.195000 0.201639 0.026000 0.331148
12 0.346000 0.177049 0.032000 0.268852
12 0.663000 0.142623 0.010000 0.173770
12 0.781000 0.170492 0.018000 0.216393
12 0.868000 0.221311 0.032000 0.318033
12 0.056000 0.377049 0.052000 0.695082
12 0.223000 0.268852 0.062000 0.472131
12 0.380000 0.254098 0.068000 0.436066
12 0.525000 0.239344 0.070000 0.393443
12 0.649000 0.193443 0.030000 0.288525
12 0.758000 0.222951 0.044000 0.334426
12 0.136000 0.467213 0.164000 0.888525
12 0.296000 0.455738 0.160000 0.859016
12 0.451000 0.450820 0.154000 0.836066
12 0.594000 0.436066 0.140000 0.793443
12 0.707000 0.422951 0.122000 0.754098
12 0.820000 0.413115 0.128000 0.727869
12 0.928000 0.404918 0.116000 0.691803
