9 0.929000 0.555556 0.142000 0.366366
16 0.191000 0.731231 0.378000 0.531532
3 0.741000 0.310811 0.090000 0.249249
3 0.847000 0.390390 0.154000 0.492492
3 0.682000 0.381381 0.108000 0.360360
3 0.595000 0.408408 0.086000 0.378378
3 0.512000 0.354354 0.100000 0.330330
3 0.440000 0.390390 0.080000 0.354354
3 0.378000 0.382883 0.072000 0.291291
3 0.291000 0.409910 0.110000 0.135135
3 0.277000 0.474474 0.086000 0.162162
3 0.415000 0.600601 0.090000 0.342342
3 0.533000 0.623123 0.154000 0.303303
3 0.639000 0.665165 0.134000 0.315315
3 0.748000 0.770270 0.176000 0.351351
3 0.615000 0.776276 0.178000 0.381381
3 0.506000 0.684685 0.192000 0.408408
3 0.346000 0.702703 0.160000 0.456456
3 0.171000 0.671171 0.226000 0.585586
3 0.235000 0.539039 0.146000 0.285285
