3 0.621000 0.662667 0.118000 0.461333
3 0.487000 0.757333 0.074000 0.336000
3 0.789000 0.680000 0.062000 0.293333
3 0.836000 0.621333 0.080000 0.362667
3 0.885000 0.644000 0.058000 0.328000
3 0.283000 0.517333 0.086000 0.325333
3 0.370000 0.681333 0.108000 0.408000
6 0.313000 0.706667 0.450000 0.480000
6 0.740000 0.625333 0.116000 0.333333
1 0.877000 0.476000 0.058000 0.045333
1 0.800000 0.474667 0.052000 0.053333
1 0.735000 0.481333 0.054000 0.045333
1 0.675000 0.472000 0.074000 0.053333
1 0.682000 0.446667 0.056000 0.034667
1 0.566000 0.454667 0.076000 0.040000
