17 0.257333 0.761000 0.312000 0.158000
17 0.332000 0.659000 0.146667 0.066000
17 0.600000 0.630000 0.128000 0.064000
17 0.768000 0.624000 0.112000 0.080000
17 0.892000 0.597000 0.141333 0.066000
17 0.712000 0.609000 0.101333 0.054000
17 0.646667 0.608000 0.040000 0.044000
17 0.754667 0.545000 0.042667 0.018000
17 0.382667 0.584000 0.018667 0.020000
17 0.038667 0.631000 0.034667 0.018000
17 0.493333 0.584000 0.037333 0.012000
17 0.533333 0.565000 0.026667 0.022000
17 0.586667 0.563000 0.042667 0.022000
17 0.446667 0.560000 0.034667 0.020000
17 0.314667 0.576000 0.021333 0.020000
17 0.165333 0.582000 0.026667 0.016000
