10 0.675000 0.914439 0.418000 0.171123
0 0.403000 0.979947 0.122000 0.040107
0 0.472000 0.874332 0.120000 0.251337
14 0.741000 0.617647 0.386000 0.406417
14 0.236000 0.640374 0.104000 0.323529
0 0.394000 0.667112 0.124000 0.195187
0 0.551000 0.667112 0.122000 0.189840
16 0.463000 0.533422 0.174000 0.109626
14 0.451000 0.537433 0.054000 0.117647
14 0.568000 0.498663 0.040000 0.034759
0 0.253000 0.625668 0.134000 0.181818
0 0.287000 0.590909 0.110000 0.155080
14 0.310000 0.487968 0.104000 0.157754
