1 0.886667 0.125000 0.040000 0.022000
1 0.794667 0.121000 0.042667 0.018000
1 0.373333 0.132000 0.069333 0.020000
1 0.208000 0.223000 0.133333 0.070000
2 0.921333 0.226000 0.024000 0.024000
3 0.154667 0.257000 0.096000 0.166000
3 0.918667 0.201000 0.018667 0.022000
3 0.314667 0.374000 0.197333 0.436000
3 0.897333 0.215000 0.018667 0.070000
3 0.492000 0.219000 0.125333 0.130000
3 0.876000 0.210000 0.034667 0.076000
3 0.589333 0.387000 0.208000 0.558000
3 0.768000 0.368000 0.261333 0.576000
3 0.848000 0.341000 0.176000 0.438000
12 0.889333 0.410000 0.061333 0.080000
