9 0.360000 0.601333 0.128000 0.114667
9 0.460000 0.758667 0.164000 0.130667
9 0.761000 0.720000 0.142000 0.128000
9 0.964000 0.609333 0.072000 0.045333
9 0.813000 0.445333 0.054000 0.053333
9 0.309000 0.514667 0.098000 0.080000
9 0.472000 0.508000 0.092000 0.072000
9 0.576000 0.584000 0.108000 0.096000
9 0.399000 0.464000 0.046000 0.064000
9 0.291000 0.269333 0.046000 0.048000
9 0.473000 0.246667 0.038000 0.040000
9 0.055000 0.237333 0.050000 0.048000
9 0.371000 0.424000 0.062000 0.058667
9 0.774000 0.560000 0.092000 0.080000
9 0.617000 0.478667 0.086000 0.082667
