13 0.501000 0.501511 0.998000 0.996979
0 0.894000 0.841390 0.192000 0.293051
0 0.728000 0.874622 0.196000 0.250755
0 0.521000 0.889728 0.190000 0.220544
0 0.368000 0.740181 0.128000 0.326284
3 0.980000 0.445619 0.040000 0.160121
3 0.953000 0.444109 0.094000 0.187311
3 0.897000 0.554381 0.130000 0.250755
3 0.897000 0.672205 0.178000 0.365559
3 0.735000 0.506042 0.110000 0.190332
3 0.711000 0.759819 0.190000 0.419940
3 0.656000 0.448640 0.052000 0.123867
3 0.619000 0.490937 0.094000 0.202417
3 0.523000 0.536254 0.106000 0.196375
3 0.534000 0.756798 0.180000 0.419940
3 0.408000 0.690332 0.104000 0.444109
10 0.646000 0.661631 0.384000 0.193353
