10 0.477000 0.796000 0.534000 0.408000
0 0.545000 0.837333 0.170000 0.325333
0 0.223000 0.829333 0.250000 0.341333
3 0.832000 0.713333 0.256000 0.573333
3 0.745000 0.536000 0.134000 0.192000
3 0.626000 0.508000 0.128000 0.200000
3 0.454000 0.514667 0.120000 0.170667
3 0.284000 0.532000 0.152000 0.162667
3 0.179000 0.713333 0.202000 0.509333
0 0.204000 0.426667 0.084000 0.149333
0 0.181000 0.534667 0.066000 0.120000
0 0.105000 0.885333 0.114000 0.229333
0 0.038000 0.641333 0.072000 0.216000
3 0.046000 0.777333 0.088000 0.445333
14 0.749000 0.374667 0.242000 0.349333
14 0.085000 0.381333 0.034000 0.069333
