1 0.227000 0.738667 0.262000 0.133333
1 0.116000 0.729333 0.168000 0.109333
1 0.024000 0.733333 0.040000 0.069333
1 0.040000 0.689333 0.076000 0.050667
1 0.414000 0.705333 0.080000 0.061333
1 0.487000 0.698667 0.130000 0.090667
1 0.541000 0.710667 0.138000 0.072000
1 0.594000 0.684000 0.076000 0.045333
1 0.636000 0.697333 0.064000 0.040000
1 0.680000 0.710667 0.120000 0.088000
1 0.761000 0.689333 0.070000 0.029333
1 0.983000 0.702667 0.034000 0.056000
1 0.873000 0.686667 0.078000 0.029333
1 0.915000 0.682667 0.054000 0.048000
