10 0.293000 0.681452 0.090000 0.099462
3 0.215000 0.813172 0.126000 0.352151
3 0.351000 0.688172 0.090000 0.139785
3 0.413000 0.823925 0.174000 0.352151
3 0.453000 0.665323 0.046000 0.077957
3 0.514000 0.763441 0.108000 0.258065
10 0.313000 0.794355 0.158000 0.072581
10 0.487000 0.614247 0.058000 0.067204
3 0.578000 0.596774 0.048000 0.118280
3 0.565000 0.711022 0.098000 0.303763
3 0.632000 0.694892 0.060000 0.287634
3 0.703000 0.694892 0.094000 0.276882
10 0.604000 0.754032 0.084000 0.196237
3 0.986000 0.477151 0.028000 0.083333
3 0.805000 0.584677 0.046000 0.051075
3 0.768000 0.633065 0.072000 0.153226
3 0.838000 0.627688 0.060000 0.120968
3 0.954000 0.561828 0.060000 0.080645
3 0.962000 0.608871 0.076000 0.126344
3 0.939000 0.623656 0.106000 0.123656
1 0.865000 0.544355 0.270000 0.104839
10 0.849000 0.641129 0.134000 0.072581
10 0.897000 0.727151 0.206000 0.083333
10 0.863000 0.885753 0.274000 0.228495
