12 0.032000 0.756000 0.060000 0.333333
12 0.078000 0.736000 0.092000 0.325333
12 0.140000 0.712000 0.100000 0.330667
12 0.214000 0.696000 0.088000 0.309333
12 0.288000 0.669333 0.092000 0.336000
12 0.352000 0.657333 0.108000 0.328000
12 0.425000 0.633333 0.098000 0.333333
12 0.503000 0.614667 0.086000 0.333333
12 0.583000 0.589333 0.102000 0.336000
12 0.662000 0.570667 0.104000 0.346667
12 0.738000 0.529333 0.096000 0.370667
12 0.829000 0.508000 0.098000 0.370667
12 0.913000 0.486667 0.098000 0.376000
12 0.977000 0.446667 0.046000 0.408000
