1 0.029000 0.181333 0.054000 0.085333
1 0.084000 0.181333 0.108000 0.090667
1 0.191000 0.178667 0.146000 0.117333
1 0.283000 0.142667 0.110000 0.125333
3 0.259000 0.161333 0.026000 0.130667
3 0.287000 0.162667 0.038000 0.128000
1 0.372000 0.132000 0.088000 0.072000
1 0.436000 0.126667 0.044000 0.061333
1 0.477000 0.120000 0.066000 0.085333
1 0.640000 0.144000 0.116000 0.090667
1 0.765000 0.152000 0.174000 0.101333
1 0.916000 0.144000 0.168000 0.133333
15 0.470000 0.614667 0.620000 0.680000
3 0.515000 0.485333 0.310000 0.885333
