9 0.060000 0.302667 0.116000 0.210667
9 0.162000 0.293333 0.144000 0.192000
9 0.296000 0.310667 0.144000 0.184000
9 0.435000 0.288000 0.146000 0.197333
9 0.569000 0.309333 0.126000 0.165333
9 0.720000 0.278667 0.164000 0.200000
9 0.877000 0.262667 0.158000 0.194667
9 0.983000 0.280000 0.034000 0.213333
9 0.053000 0.448000 0.102000 0.160000
9 0.164000 0.474667 0.144000 0.186667
9 0.298000 0.468000 0.132000 0.141333
9 0.435000 0.456000 0.146000 0.170667
9 0.567000 0.480000 0.126000 0.176000
9 0.698000 0.468000 0.152000 0.194667
9 0.846000 0.446667 0.144000 0.178667
9 0.972000 0.477333 0.056000 0.192000
9 0.037000 0.597333 0.070000 0.181333
9 0.140000 0.612000 0.144000 0.184000
9 0.282000 0.629333 0.132000 0.192000
9 0.415000 0.612000 0.150000 0.189333
9 0.562000 0.621333 0.148000 0.176000
9 0.717000 0.626667 0.158000 0.197333
9 0.860000 0.604000 0.136000 0.200000
9 0.978000 0.634667 0.044000 0.208000
9 0.056000 0.790667 0.108000 0.194667
9 0.185000 0.780000 0.182000 0.173333
9 0.389000 0.756000 0.170000 0.221333
9 0.541000 0.774667 0.138000 0.189333
9 0.697000 0.790667 0.142000 0.184000
9 0.846000 0.772000 0.164000 0.146667
9 0.965000 0.800000 0.070000 0.160000
9 0.043000 0.906667 0.082000 0.058667
9 0.170000 0.901333 0.172000 0.106667
9 0.353000 0.910667 0.170000 0.109333
9 0.537000 0.932000 0.170000 0.136000
9 0.713000 0.949333 0.186000 0.101333
9 0.709000 0.920000 0.130000 0.117333
9 0.867000 0.952000 0.122000 0.096000
9 0.968000 0.894667 0.064000 0.040000
