10 0.524000 0.389333 0.100000 0.090667
0 0.353000 0.409333 0.038000 0.082667
0 0.384000 0.416000 0.040000 0.085333
0 0.415000 0.492000 0.126000 0.178667
0 0.405000 0.585333 0.154000 0.290667
10 0.457000 0.389333 0.106000 0.021333
10 0.470000 0.490667 0.120000 0.186667
10 0.500000 0.541333 0.152000 0.224000
10 0.543000 0.593333 0.174000 0.269333
10 0.201000 0.489333 0.106000 0.178667
10 0.196000 0.524000 0.116000 0.205333
10 0.100000 0.792000 0.196000 0.416000
10 0.066000 0.888000 0.128000 0.224000
10 0.845000 0.889333 0.310000 0.221333
10 0.796000 0.810667 0.408000 0.378667
10 0.669000 0.738667 0.294000 0.400000
0 0.506000 0.832000 0.308000 0.336000
14 0.679000 0.260000 0.122000 0.162667
14 0.197000 0.365333 0.146000 0.378667
