3 0.242000 0.621333 0.064000 0.240000
3 0.388000 0.713333 0.076000 0.184000
3 0.421000 0.590667 0.058000 0.221333
3 0.450000 0.598667 0.052000 0.221333
3 0.506000 0.598667 0.052000 0.184000
3 0.557000 0.586667 0.054000 0.192000
3 0.617000 0.581333 0.054000 0.197333
3 0.685000 0.568000 0.058000 0.202667
3 0.738000 0.552000 0.040000 0.186667
2 0.835000 0.856000 0.158000 0.112000
2 0.969000 0.680000 0.062000 0.112000
2 0.878000 0.782667 0.112000 0.114667
2 0.967000 0.841333 0.066000 0.066667
2 0.946000 0.761333 0.108000 0.072000
