3 0.296000 0.555385 0.064000 0.230769
3 0.344000 0.561538 0.072000 0.286154
3 0.403000 0.560000 0.082000 0.270769
3 0.459000 0.556923 0.074000 0.289231
3 0.516000 0.546154 0.080000 0.280000
3 0.573000 0.535385 0.062000 0.276923
3 0.621000 0.553846 0.102000 0.295385
3 0.734000 0.660000 0.140000 0.636923
3 0.646000 0.790769 0.132000 0.326154
3 0.563000 0.758462 0.134000 0.341538
3 0.474000 0.761538 0.120000 0.323077
3 0.417000 0.769231 0.082000 0.289231
3 0.353000 0.766154 0.102000 0.301538
3 0.308000 0.763077 0.068000 0.289231
3 0.238000 0.786154 0.116000 0.316923
3 0.225000 0.664615 0.114000 0.516923
3 0.839000 0.072308 0.018000 0.064615
3 0.992000 0.578462 0.016000 0.135385
