12 0.568000 0.608289 0.208000 0.216578
3 0.369000 0.592246 0.594000 0.815508
3 0.722000 0.597594 0.300000 0.601604
12 0.398000 0.112299 0.028000 0.122995
12 0.372000 0.108289 0.024000 0.125668
12 0.343000 0.109626 0.026000 0.122995
12 0.314000 0.102941 0.028000 0.120321
12 0.284000 0.101604 0.024000 0.122995
12 0.258000 0.100267 0.028000 0.131016
12 0.226000 0.096257 0.036000 0.133690
12 0.197000 0.096257 0.030000 0.133690
12 0.166000 0.090909 0.028000 0.128342
12 0.134000 0.093583 0.028000 0.128342
12 0.086000 0.088235 0.036000 0.128342
12 0.052000 0.086898 0.032000 0.125668
12 0.015000 0.090909 0.026000 0.122995
12 0.286000 0.235294 0.020000 0.069519
12 0.257000 0.258021 0.022000 0.125668
12 0.228000 0.256684 0.028000 0.133690
12 0.198000 0.258021 0.028000 0.125668
12 0.169000 0.251337 0.034000 0.144385
12 0.137000 0.248663 0.034000 0.149733
12 0.089000 0.247326 0.030000 0.152406
12 0.056000 0.254011 0.032000 0.139037
12 0.062000 0.367647 0.028000 0.045455
12 0.089000 0.371658 0.030000 0.042781
12 0.134000 0.377005 0.028000 0.042781
12 0.158000 0.367647 0.028000 0.045455
12 0.182000 0.370321 0.028000 0.045455
12 0.208000 0.370321 0.032000 0.045455
12 0.236000 0.370321 0.032000 0.045455
12 0.067000 0.450535 0.034000 0.056150
12 0.085000 0.528075 0.034000 0.066845
10 0.608000 0.906417 0.784000 0.187166
12 0.054000 0.733957 0.044000 0.125668
12 0.024000 0.794118 0.044000 0.090909
12 0.143000 0.439840 0.034000 0.066845
3 0.027000 0.485294 0.050000 0.558824
