12 0.590000 0.417827 0.048000 0.245125
12 0.471000 0.376045 0.050000 0.211699
12 0.468000 0.593315 0.076000 0.328691
10 0.466000 0.661560 0.612000 0.676880
3 0.192000 0.562674 0.376000 0.874652
3 0.317000 0.377437 0.242000 0.481894
3 0.342000 0.300836 0.220000 0.467967
3 0.444000 0.236769 0.176000 0.300836
3 0.738000 0.267409 0.112000 0.317549
3 0.794000 0.314763 0.132000 0.328691
3 0.784000 0.406685 0.224000 0.417827
3 0.785000 0.607242 0.430000 0.785515
3 0.311000 0.084958 0.178000 0.164345
3 0.467000 0.093315 0.050000 0.181058
