14 0.757333 0.940000 0.128000 0.112000
14 0.865333 0.936000 0.114667 0.104000
14 0.954667 0.892000 0.090667 0.128000
14 0.925333 0.719000 0.149333 0.238000
14 0.896000 0.456000 0.170667 0.128000
12 0.629333 0.400000 0.037333 0.104000
12 0.590667 0.399000 0.040000 0.110000
12 0.517333 0.399000 0.037333 0.106000
12 0.485333 0.404000 0.042667 0.100000
12 0.438667 0.405000 0.040000 0.102000
12 0.388000 0.413000 0.045333 0.090000
12 0.425333 0.542000 0.040000 0.104000
12 0.389333 0.542000 0.042667 0.104000
12 0.342667 0.542000 0.034667 0.104000
12 0.320000 0.550000 0.048000 0.092000
12 0.274667 0.542000 0.037333 0.104000
12 0.246667 0.547000 0.040000 0.102000
12 0.194667 0.549000 0.042667 0.098000
12 0.114667 0.550000 0.042667 0.096000
12 0.080000 0.547000 0.037333 0.090000
12 0.298667 0.539000 0.032000 0.102000
