0 0.125000 0.597333 0.126000 0.245333
0 0.180000 0.656000 0.104000 0.288000
0 0.281000 0.724000 0.166000 0.328000
0 0.346000 0.810667 0.196000 0.362667
0 0.494000 0.864000 0.308000 0.266667
0 0.756000 0.612000 0.128000 0.120000
0 0.555000 0.537333 0.094000 0.066667
0 0.400000 0.481333 0.064000 0.050667
10 0.620000 0.726667 0.756000 0.546667
3 0.061000 0.376000 0.074000 0.266667
3 0.128000 0.444000 0.092000 0.408000
3 0.247000 0.468000 0.118000 0.226667
3 0.414000 0.373333 0.080000 0.266667
3 0.574000 0.368000 0.076000 0.298667
3 0.629000 0.437333 0.122000 0.314667
3 0.860000 0.729333 0.280000 0.541333
3 0.552000 0.786667 0.420000 0.416000
3 0.978000 0.469333 0.044000 0.352000
