3 0.093000 0.438667 0.182000 0.173333
3 0.127000 0.457333 0.250000 0.530667
3 0.624000 0.680000 0.752000 0.640000
3 0.928000 0.665333 0.144000 0.632000
3 0.726000 0.314667 0.172000 0.208000
3 0.508000 0.364000 0.212000 0.306667
3 0.632000 0.362667 0.168000 0.394667
12 0.239000 0.824000 0.062000 0.266667
12 0.330000 0.852000 0.064000 0.173333
12 0.500000 0.590667 0.048000 0.178667
12 0.365000 0.621333 0.078000 0.304000
12 0.458000 0.510667 0.044000 0.168000
10 0.527000 0.681333 0.946000 0.637333
