13 0.691000 0.614667 0.262000 0.114667
13 0.220000 0.640000 0.260000 0.074667
13 0.886000 0.372000 0.160000 0.056000
13 0.717000 0.396000 0.182000 0.077333
13 0.563000 0.420000 0.218000 0.088000
13 0.542000 0.334667 0.112000 0.034667
13 0.083000 0.846667 0.162000 0.082667
13 0.047000 0.773333 0.090000 0.053333
13 0.332000 0.486667 0.208000 0.077333
13 0.378000 0.492000 0.180000 0.050667
13 0.521000 0.473333 0.170000 0.061333
13 0.359000 0.452000 0.198000 0.061333
13 0.652000 0.318667 0.120000 0.040000
13 0.747000 0.308000 0.102000 0.034667
13 0.819000 0.294667 0.102000 0.040000
13 0.056000 0.517333 0.108000 0.042667
