14 0.431000 0.458667 0.082000 0.133333
14 0.274000 0.481333 0.084000 0.120000
0 0.232000 0.509333 0.072000 0.117333
0 0.331000 0.501333 0.078000 0.154667
0 0.258000 0.517333 0.056000 0.133333
0 0.380000 0.506667 0.056000 0.106667
0 0.479000 0.550667 0.062000 0.173333
0 0.550000 0.561333 0.072000 0.168000
0 0.449000 0.594667 0.082000 0.181333
0 0.372000 0.566667 0.084000 0.162667
0 0.403000 0.620000 0.102000 0.210667
0 0.664000 0.664000 0.124000 0.224000
0 0.627000 0.533333 0.054000 0.144000
0 0.703000 0.490667 0.066000 0.069333
0 0.692000 0.581333 0.084000 0.181333
0 0.749000 0.572000 0.078000 0.157333
0 0.558000 0.465333 0.028000 0.056000
0 0.520000 0.469333 0.044000 0.069333
0 0.890000 0.498667 0.044000 0.106667
0 0.824000 0.508000 0.052000 0.120000
0 0.791000 0.498667 0.050000 0.106667
