9 0.119000 0.672515 0.126000 0.169591
0 0.108000 0.871345 0.148000 0.257310
16 0.759000 0.828947 0.482000 0.342105
0 0.032000 0.750000 0.056000 0.154971
14 0.037000 0.656433 0.066000 0.236842
14 0.340000 0.368421 0.032000 0.105263
14 0.376000 0.364035 0.044000 0.102339
14 0.411000 0.369883 0.042000 0.090643
14 0.485000 0.346491 0.058000 0.055556
14 0.550000 0.346491 0.044000 0.067251
14 0.621000 0.361111 0.058000 0.108187
14 0.673000 0.355263 0.054000 0.108187
14 0.695000 0.508772 0.038000 0.070175
14 0.649000 0.491228 0.062000 0.111111
14 0.612000 0.489766 0.040000 0.108187
14 0.333000 0.491228 0.034000 0.111111
14 0.369000 0.504386 0.030000 0.084795
14 0.393000 0.511696 0.022000 0.058480
14 0.420000 0.498538 0.028000 0.084795
14 0.339000 0.608187 0.046000 0.105263
14 0.349000 0.628655 0.026000 0.070175
14 0.416000 0.609649 0.028000 0.096491
14 0.465000 0.469298 0.030000 0.067251
14 0.489000 0.454678 0.030000 0.096491
14 0.523000 0.456140 0.034000 0.099415
14 0.552000 0.463450 0.032000 0.078947
14 0.471000 0.600877 0.046000 0.160819
14 0.508000 0.634503 0.040000 0.087719
14 0.545000 0.605263 0.054000 0.093567
14 0.661000 0.609649 0.042000 0.090643
14 0.614000 0.608187 0.044000 0.099415
14 0.636000 0.614035 0.040000 0.099415
