14 0.279000 0.543544 0.054000 0.120120
14 0.102000 0.546547 0.064000 0.132132
14 0.057000 0.536036 0.054000 0.111111
14 0.206000 0.537538 0.044000 0.114114
14 0.398000 0.513514 0.044000 0.054054
14 0.352000 0.515015 0.044000 0.081081
14 0.829000 0.527027 0.034000 0.063063
14 0.798000 0.522523 0.036000 0.060060
14 0.747000 0.525526 0.034000 0.072072
14 0.620000 0.525526 0.056000 0.090090
14 0.553000 0.509009 0.050000 0.057057
14 0.437000 0.496997 0.026000 0.057057
14 0.480000 0.543544 0.040000 0.084084
