0 0.479000 0.793333 0.130000 0.216000
0 0.379000 0.844000 0.146000 0.194667
0 0.238000 0.812000 0.140000 0.205333
0 0.310000 0.968000 0.272000 0.064000
0 0.894000 0.969333 0.180000 0.061333
0 0.838000 0.913333 0.220000 0.173333
0 0.756000 0.890667 0.136000 0.218667
0 0.720000 0.845333 0.160000 0.229333
0 0.665000 0.797333 0.106000 0.186667
0 0.049000 0.722667 0.094000 0.186667
10 0.819000 0.784000 0.118000 0.117333
10 0.893000 0.828000 0.134000 0.146667
10 0.951000 0.920000 0.098000 0.160000
16 0.812000 0.721333 0.376000 0.178667
16 0.337000 0.698667 0.358000 0.112000
0 0.045000 0.668000 0.070000 0.072000
