14 0.787000 0.341333 0.262000 0.394667
0 0.704000 0.805333 0.240000 0.389333
3 0.636000 0.513333 0.176000 0.280000
3 0.347000 0.681333 0.222000 0.600000
3 0.169000 0.432000 0.082000 0.266667
3 0.204000 0.405333 0.024000 0.048000
3 0.236000 0.445333 0.048000 0.117333
3 0.273000 0.417333 0.046000 0.050667
3 0.321000 0.410667 0.034000 0.053333
3 0.405000 0.428000 0.038000 0.093333
3 0.437000 0.416000 0.022000 0.037333
3 0.467000 0.429333 0.038000 0.069333
3 0.547000 0.424000 0.058000 0.090667
0 0.281000 0.782667 0.274000 0.434667
0 0.948000 0.829333 0.104000 0.341333
0 0.965000 0.586667 0.070000 0.144000
0 0.776000 0.576000 0.112000 0.138667
0 0.050000 0.510667 0.052000 0.141333
0 0.106000 0.500000 0.052000 0.130667
0 0.230000 0.497333 0.056000 0.114667
0 0.413000 0.465333 0.026000 0.077333
12 0.540000 0.538667 0.040000 0.160000
12 0.494000 0.488000 0.020000 0.064000
