1 0.960000 0.556851 0.080000 0.198251
3 0.079000 0.774052 0.142000 0.451895
3 0.355000 0.616618 0.110000 0.510204
3 0.468000 0.688047 0.148000 0.518950
3 0.641000 0.736152 0.102000 0.521866
3 0.775000 0.723032 0.166000 0.553936
3 0.961000 0.788630 0.078000 0.329446
3 0.910000 0.660350 0.072000 0.306122
0 0.286000 0.905248 0.116000 0.189504
0 0.472000 0.922741 0.200000 0.154519
0 0.880000 0.903790 0.160000 0.192420
0 0.960000 0.877551 0.080000 0.244898
10 0.615000 0.884840 0.202000 0.230321
10 0.841000 0.804665 0.054000 0.174927
