11 0.913000 0.621622 0.086000 0.306306
11 0.850000 0.651652 0.148000 0.336336
11 0.772000 0.585586 0.084000 0.270270
11 0.727000 0.561562 0.050000 0.252252
11 0.659000 0.695195 0.078000 0.345345
11 0.563000 0.648649 0.090000 0.336336
11 0.653000 0.563063 0.090000 0.249249
11 0.591000 0.525526 0.110000 0.276276
11 0.561000 0.442943 0.042000 0.105105
11 0.486000 0.507508 0.052000 0.240240
11 0.434000 0.546547 0.120000 0.270270
11 0.370000 0.752252 0.160000 0.351351
11 0.272000 0.738739 0.120000 0.324324
11 0.181000 0.695195 0.146000 0.327327
11 0.084000 0.638138 0.136000 0.303303
11 0.254000 0.518018 0.072000 0.141141
11 0.327000 0.539039 0.106000 0.207207
11 0.370000 0.496997 0.096000 0.207207
3 0.095000 0.106607 0.074000 0.147147
3 0.039000 0.097598 0.058000 0.189189
