13 0.686000 0.454955 0.148000 0.081081
13 0.813000 0.690691 0.262000 0.108108
13 0.449000 0.343844 0.090000 0.045045
13 0.891000 0.201201 0.094000 0.198198
13 0.162000 0.325826 0.056000 0.051051
13 0.717000 0.283784 0.058000 0.057057
13 0.095000 0.313814 0.050000 0.087087
13 0.398000 0.324324 0.064000 0.048048
13 0.831000 0.276276 0.050000 0.042042
13 0.701000 0.665165 0.306000 0.093093
13 0.769000 0.854354 0.214000 0.183183
13 0.534000 0.774775 0.300000 0.132132
13 0.421000 0.803303 0.502000 0.201201
13 0.065000 0.774775 0.126000 0.222222
13 0.159000 0.746246 0.314000 0.195195
13 0.838000 0.833333 0.324000 0.165165
3 0.723000 0.423423 0.046000 0.078078
