19 0.031000 0.351351 0.058000 0.318318
19 0.091000 0.367868 0.062000 0.141141
1 0.142000 0.429429 0.032000 0.066066
2 0.230000 0.656156 0.024000 0.183183
3 0.237000 0.551051 0.074000 0.321321
3 0.332000 0.566066 0.060000 0.345345
3 0.372000 0.510511 0.028000 0.222222
3 0.424000 0.633634 0.076000 0.456456
3 0.483000 0.594595 0.050000 0.360360
3 0.553000 0.599099 0.086000 0.471471
3 0.602000 0.632132 0.088000 0.471471
3 0.640000 0.669670 0.076000 0.558559
3 0.680000 0.675676 0.088000 0.648649
3 0.732000 0.695195 0.136000 0.603604
3 0.829000 0.687688 0.138000 0.624625
3 0.927000 0.687688 0.146000 0.624625
