0 0.835000 0.818667 0.182000 0.160000
0 0.840000 0.670667 0.192000 0.194667
0 0.977000 0.656000 0.042000 0.170667
0 0.976000 0.810667 0.048000 0.160000
0 0.551000 0.653333 0.050000 0.192000
0 0.550000 0.809333 0.052000 0.146667
0 0.341000 0.638667 0.066000 0.184000
0 0.341000 0.794667 0.066000 0.149333
0 0.165000 0.644000 0.070000 0.189333
0 0.154000 0.796000 0.036000 0.157333
0 0.144000 0.146667 0.056000 0.165333
0 0.138000 0.316000 0.068000 0.210667
0 0.362000 0.158667 0.072000 0.178667
0 0.356000 0.313333 0.064000 0.184000
0 0.574000 0.157333 0.052000 0.176000
0 0.580000 0.338667 0.068000 0.208000
0 0.775000 0.157333 0.050000 0.176000
0 0.772000 0.317333 0.048000 0.181333
0 0.982000 0.153333 0.036000 0.162667
0 0.980000 0.320000 0.040000 0.186667
3 0.881000 0.670667 0.182000 0.226667
3 0.644000 0.673333 0.204000 0.205333
3 0.642000 0.810667 0.204000 0.160000
3 0.417000 0.796000 0.178000 0.157333
3 0.434000 0.642667 0.184000 0.197333
3 0.240000 0.622667 0.176000 0.210667
3 0.238000 0.798667 0.172000 0.141333
3 0.236000 0.322667 0.204000 0.208000
3 0.226000 0.149333 0.196000 0.213333
3 0.448000 0.145333 0.200000 0.200000
3 0.455000 0.358667 0.222000 0.264000
3 0.655000 0.174667 0.194000 0.237333
3 0.701000 0.369333 0.270000 0.237333
3 0.871000 0.152000 0.190000 0.208000
3 0.889000 0.361333 0.222000 0.253333
3 0.058000 0.154667 0.112000 0.202667
3 0.118000 0.349333 0.224000 0.250667
