2 0.755000 0.597333 0.062000 0.037333
2 0.706000 0.564000 0.052000 0.034667
2 0.674000 0.589333 0.056000 0.048000
2 0.599000 0.562667 0.042000 0.042667
2 0.572000 0.589333 0.048000 0.042667
2 0.526000 0.588000 0.020000 0.029333
2 0.495000 0.592000 0.046000 0.042667
2 0.439000 0.589333 0.042000 0.048000
2 0.384000 0.588000 0.036000 0.040000
2 0.331000 0.590667 0.034000 0.029333
2 0.285000 0.586667 0.034000 0.037333
2 0.251000 0.586667 0.030000 0.037333
2 0.215000 0.580000 0.026000 0.040000
2 0.186000 0.588000 0.028000 0.024000
3 0.753000 0.564000 0.038000 0.066667
3 0.698000 0.537333 0.036000 0.061333
3 0.670000 0.562667 0.032000 0.064000
3 0.596000 0.536000 0.028000 0.058667
3 0.565000 0.558667 0.034000 0.056000
3 0.511000 0.549333 0.022000 0.037333
3 0.492000 0.566667 0.032000 0.061333
3 0.435000 0.561333 0.030000 0.056000
3 0.380000 0.564000 0.028000 0.045333
3 0.329000 0.568000 0.022000 0.037333
3 0.283000 0.560000 0.026000 0.042667
3 0.248000 0.566667 0.020000 0.034667
3 0.215000 0.565333 0.018000 0.037333
3 0.184000 0.557333 0.020000 0.037333
