3 0.413000 0.518116 0.042000 0.094203
3 0.342000 0.498188 0.048000 0.170290
3 0.043000 0.588768 0.034000 0.090580
3 0.029000 0.635870 0.046000 0.105072
3 0.028000 0.670290 0.048000 0.130435
3 0.030000 0.782609 0.056000 0.159420
3 0.087000 0.625000 0.030000 0.126812
3 0.115000 0.675725 0.054000 0.199275
3 0.172000 0.690217 0.084000 0.184783
0 0.233000 0.831522 0.062000 0.170290
0 0.308000 0.932971 0.068000 0.134058
0 0.136000 0.875000 0.092000 0.242754
3 0.303000 0.699275 0.066000 0.282609
3 0.436000 0.831522 0.056000 0.329710
3 0.514000 0.817029 0.096000 0.358696
3 0.449000 0.653986 0.054000 0.242754
3 0.512000 0.605072 0.032000 0.202899
3 0.553000 0.617754 0.026000 0.206522
3 0.587000 0.606884 0.038000 0.221014
3 0.581000 0.635870 0.046000 0.206522
3 0.632000 0.626812 0.044000 0.188406
3 0.674000 0.605072 0.028000 0.217391
3 0.699000 0.628623 0.034000 0.192029
3 0.720000 0.730072 0.040000 0.322464
3 0.804000 0.681159 0.052000 0.268116
3 0.767000 0.630435 0.026000 0.239130
3 0.847000 0.757246 0.034000 0.369565
3 0.859000 0.586957 0.034000 0.152174
3 0.905000 0.552536 0.034000 0.097826
3 0.968000 0.617754 0.048000 0.105072
1 0.291000 0.621377 0.386000 0.264493
3 0.911000 0.625000 0.038000 0.068841
3 0.982000 0.833333 0.036000 0.326087
3 0.915000 0.836957 0.114000 0.318841
3 0.709000 0.942029 0.090000 0.115942
