14 0.091000 0.495349 0.058000 0.144186
14 0.148000 0.500000 0.052000 0.144186
14 0.210000 0.500000 0.064000 0.144186
14 0.190000 0.281395 0.080000 0.302326
14 0.268000 0.381395 0.048000 0.083721
14 0.270000 0.495349 0.060000 0.144186
14 0.328000 0.495349 0.056000 0.144186
14 0.386000 0.451163 0.060000 0.093023
14 0.439000 0.451163 0.054000 0.111628
14 0.493000 0.444186 0.058000 0.116279
14 0.546000 0.400000 0.056000 0.158140
14 0.608000 0.376744 0.064000 0.213953
14 0.662000 0.358140 0.064000 0.167442
14 0.718000 0.318605 0.068000 0.172093
14 0.762000 0.288372 0.052000 0.176744
14 0.806000 0.253488 0.048000 0.162791
14 0.846000 0.195349 0.044000 0.213953
14 0.693000 0.567442 0.046000 0.065116
14 0.727000 0.653488 0.050000 0.134884
14 0.650000 0.565116 0.060000 0.125581
14 0.603000 0.602326 0.058000 0.125581
14 0.561000 0.504651 0.070000 0.106977
14 0.482000 0.565116 0.068000 0.172093
14 0.391000 0.555814 0.106000 0.200000
14 0.298000 0.623256 0.088000 0.130233
14 0.195000 0.648837 0.110000 0.190698
14 0.682000 0.662791 0.056000 0.125581
14 0.677000 0.781395 0.062000 0.167442
14 0.615000 0.809302 0.062000 0.148837
14 0.564000 0.739535 0.052000 0.176744
14 0.493000 0.751163 0.078000 0.209302
14 0.414000 0.681395 0.044000 0.060465
14 0.368000 0.681395 0.044000 0.079070
14 0.440000 0.760465 0.036000 0.116279
14 0.390000 0.790698 0.076000 0.167442
14 0.321000 0.779070 0.062000 0.190698
14 0.219000 0.851163 0.158000 0.279070
