1 0.483000 0.601333 0.666000 0.658667
1 0.767000 0.449333 0.466000 0.424000
1 0.163000 0.254667 0.094000 0.120000
1 0.301000 0.244000 0.114000 0.082667
1 0.443000 0.242667 0.126000 0.085333
1 0.561000 0.241333 0.126000 0.066667
1 0.652000 0.233333 0.072000 0.045333
1 0.620000 0.204000 0.068000 0.029333
1 0.027000 0.257333 0.050000 0.125333
3 0.118000 0.248000 0.064000 0.186667
3 0.932000 0.218667 0.032000 0.090667
3 0.897000 0.213333 0.038000 0.101333
3 0.729000 0.201333 0.034000 0.061333
3 0.588000 0.210667 0.040000 0.122667
3 0.231000 0.228000 0.038000 0.130667
3 0.357000 0.214667 0.026000 0.109333
3 0.406000 0.201333 0.028000 0.050667
3 0.315000 0.188000 0.018000 0.034667
3 0.336000 0.202667 0.020000 0.064000
