17 0.083000 0.599000 0.162000 0.118000
17 0.530000 0.601000 0.116000 0.102000
17 0.415000 0.640000 0.110000 0.180000
17 0.299000 0.548000 0.070000 0.052000
17 0.220000 0.521000 0.024000 0.034000
17 0.138000 0.529000 0.052000 0.042000
17 0.065000 0.537000 0.038000 0.022000
17 0.033000 0.525000 0.034000 0.034000
17 0.075000 0.525000 0.030000 0.026000
17 0.418000 0.523000 0.024000 0.022000
17 0.348000 0.541000 0.036000 0.042000
17 0.448000 0.525000 0.028000 0.014000
17 0.525000 0.542000 0.030000 0.028000
17 0.557000 0.542000 0.034000 0.020000
17 0.737000 0.540000 0.030000 0.024000
17 0.689000 0.534000 0.026000 0.020000
17 0.666000 0.536000 0.036000 0.024000
17 0.635000 0.534000 0.022000 0.028000
17 0.609000 0.533000 0.030000 0.030000
