0 0.878000 0.728000 0.044000 0.133333
0 0.695000 0.800000 0.074000 0.138667
0 0.493000 0.898667 0.082000 0.176000
0 0.722000 0.729333 0.068000 0.120000
0 0.239000 0.938667 0.106000 0.112000
0 0.799000 0.765333 0.062000 0.112000
0 0.614000 0.854667 0.076000 0.141333
10 0.776000 0.717333 0.092000 0.122667
10 0.369000 0.912000 0.150000 0.154667
3 0.540000 0.766667 0.060000 0.248000
3 0.262000 0.902667 0.144000 0.194667
3 0.440000 0.893333 0.060000 0.197333
3 0.402000 0.789333 0.064000 0.122667
3 0.626000 0.824000 0.104000 0.192000
3 0.799000 0.717333 0.062000 0.144000
3 0.977000 0.624000 0.046000 0.208000
3 0.836000 0.698667 0.072000 0.186667
13 0.589000 0.248000 0.114000 0.042667
