0 0.667000 0.548000 0.070000 0.024000
0 0.157000 0.637333 0.098000 0.101333
0 0.251000 0.646667 0.098000 0.104000
0 0.340000 0.674667 0.072000 0.080000
0 0.474000 0.692000 0.072000 0.082667
0 0.594000 0.704000 0.084000 0.085333
0 0.770000 0.726667 0.096000 0.093333
0 0.079000 0.714667 0.094000 0.176000
0 0.194000 0.769333 0.140000 0.141333
0 0.335000 0.801333 0.154000 0.157333
0 0.495000 0.830667 0.150000 0.162667
0 0.717000 0.892000 0.146000 0.216000
0 0.028000 0.896000 0.052000 0.080000
0 0.059000 0.962667 0.114000 0.074667
9 0.342000 0.321333 0.108000 0.109333
