12 0.085000 0.600000 0.074000 0.261333
12 0.222000 0.549333 0.068000 0.298667
12 0.299000 0.525333 0.070000 0.250667
12 0.370000 0.516000 0.056000 0.216000
12 0.430000 0.505333 0.064000 0.205333
12 0.494000 0.529333 0.048000 0.221333
12 0.547000 0.550667 0.050000 0.285333
12 0.604000 0.557333 0.056000 0.288000
12 0.662000 0.564000 0.060000 0.290667
12 0.724000 0.565333 0.052000 0.288000
12 0.786000 0.576000 0.068000 0.282667
12 0.488000 0.820000 0.140000 0.354667
12 0.606000 0.849333 0.132000 0.301333
3 0.133000 0.302667 0.218000 0.418667
3 0.315000 0.189333 0.094000 0.261333
3 0.663000 0.314667 0.170000 0.288000
3 0.436000 0.393333 0.180000 0.274667
3 0.672000 0.424000 0.156000 0.240000
3 0.800000 0.322667 0.108000 0.282667
3 0.721000 0.296000 0.114000 0.266667
3 0.440000 0.282667 0.228000 0.330667
3 0.928000 0.302667 0.116000 0.210667
3 0.864000 0.294667 0.068000 0.168000
3 0.970000 0.309333 0.060000 0.170667
3 0.299000 0.285333 0.114000 0.186667
3 0.037000 0.200000 0.070000 0.394667
