10 0.642000 0.784000 0.188000 0.208000
0 0.545000 0.765333 0.054000 0.229333
0 0.586000 0.770667 0.060000 0.218667
0 0.718000 0.685333 0.028000 0.026667
12 0.687000 0.656000 0.050000 0.037333
12 0.684000 0.724000 0.052000 0.050667
12 0.684000 0.786667 0.056000 0.053333
12 0.678000 0.848000 0.060000 0.053333
12 0.748000 0.830667 0.064000 0.141333
12 0.753000 0.949333 0.070000 0.101333
12 0.676000 0.960000 0.052000 0.080000
16 0.203000 0.765333 0.154000 0.224000
0 0.143000 0.664000 0.102000 0.090667
