14 0.509000 0.201333 0.102000 0.072000
14 0.361000 0.269333 0.094000 0.069333
14 0.466000 0.354667 0.092000 0.090667
14 0.309000 0.360000 0.118000 0.170667
14 0.377000 0.436000 0.102000 0.178667
14 0.496000 0.540000 0.180000 0.317333
14 0.646000 0.430667 0.184000 0.392000
14 0.818000 0.622667 0.216000 0.440000
14 0.121000 0.629333 0.166000 0.352000
14 0.027000 0.760000 0.050000 0.320000
14 0.069000 0.396000 0.134000 0.168000
14 0.065000 0.484000 0.126000 0.146667
14 0.152000 0.333333 0.044000 0.133333
14 0.119000 0.365333 0.050000 0.106667
14 0.089000 0.304000 0.046000 0.106667
14 0.088000 0.158667 0.072000 0.162667
14 0.032000 0.152000 0.056000 0.154667
14 0.959000 0.640000 0.082000 0.330667
14 0.949000 0.297333 0.082000 0.178667
14 0.950000 0.454667 0.100000 0.152000
