2 0.521000 0.706704 0.430000 0.402235
3 0.522000 0.516760 0.252000 0.653631
3 0.092000 0.340782 0.088000 0.279330
3 0.095000 0.311453 0.166000 0.332402
3 0.182000 0.371508 0.108000 0.201117
3 0.204000 0.243017 0.092000 0.201117
3 0.247000 0.332402 0.062000 0.223464
3 0.306000 0.275140 0.100000 0.265363
3 0.279000 0.425978 0.074000 0.081006
3 0.387000 0.375698 0.090000 0.164804
3 0.552000 0.233240 0.076000 0.131285
3 0.708000 0.360335 0.136000 0.184358
3 0.822000 0.291899 0.100000 0.310056
3 0.924000 0.322626 0.096000 0.226257
3 0.930000 0.272346 0.116000 0.321229
