14 0.081361 0.264000 0.139053 0.112000
14 0.266272 0.404000 0.118343 0.100000
14 0.497041 0.531000 0.136095 0.106000
14 0.748521 0.410000 0.136095 0.104000
14 0.084320 0.756000 0.150888 0.176000
14 0.167160 0.879000 0.103550 0.142000
14 0.295858 0.879000 0.088757 0.134000
14 0.374260 0.667000 0.133136 0.102000
14 0.380178 0.575000 0.127219 0.126000
14 0.646450 0.575000 0.133136 0.098000
14 0.636095 0.657000 0.130178 0.094000
14 0.831361 0.869000 0.094675 0.150000
14 0.772189 0.864000 0.153846 0.148000
