13 0.501000 0.473333 0.998000 0.936000
13 0.477000 0.505333 0.142000 0.066667
13 0.702000 0.538667 0.212000 0.096000
13 0.906000 0.548000 0.184000 0.093333
19 0.813000 0.828000 0.374000 0.253333
1 0.330000 0.913333 0.064000 0.082667
3 0.976000 0.900000 0.048000 0.200000
3 0.919000 0.906667 0.050000 0.186667
3 0.848000 0.910667 0.060000 0.178667
3 0.823000 0.896000 0.042000 0.202667
3 0.750000 0.908000 0.060000 0.184000
3 0.604000 0.894667 0.064000 0.210667
3 0.646000 0.917333 0.044000 0.165333
3 0.532000 0.906667 0.076000 0.186667
3 0.483000 0.908000 0.058000 0.184000
3 0.429000 0.912000 0.058000 0.176000
3 0.402000 0.906667 0.040000 0.186667
3 0.365000 0.910667 0.046000 0.168000
3 0.275000 0.910667 0.074000 0.178667
3 0.222000 0.905333 0.092000 0.189333
3 0.127000 0.902667 0.070000 0.189333
3 0.068000 0.917333 0.048000 0.165333
3 0.028000 0.914667 0.044000 0.170667
