18 0.124000 0.736000 0.156000 0.202667
18 0.276000 0.632000 0.152000 0.160000
18 0.597000 0.726667 0.166000 0.157333
18 0.689000 0.641333 0.110000 0.114667
18 0.465000 0.573333 0.118000 0.144000
18 0.323000 0.353333 0.098000 0.088000
18 0.461000 0.309333 0.082000 0.048000
18 0.555000 0.312000 0.042000 0.090667
18 0.600000 0.349333 0.036000 0.106667
18 0.748000 0.345333 0.048000 0.088000
18 0.878000 0.420000 0.076000 0.050667
18 0.431000 0.176000 0.078000 0.069333
18 0.360000 0.154667 0.060000 0.048000
