3 0.597000 0.576000 0.098000 0.634667
3 0.552000 0.621333 0.236000 0.570667
3 0.360000 0.714667 0.188000 0.480000
3 0.883000 0.497333 0.206000 0.557333
3 0.618000 0.221333 0.112000 0.240000
3 0.208000 0.250667 0.136000 0.234667
3 0.093000 0.608000 0.182000 0.656000
3 0.226000 0.622667 0.176000 0.658667
3 0.411000 0.570667 0.122000 0.480000
3 0.330000 0.318667 0.160000 0.360000
3 0.483000 0.318667 0.162000 0.280000
3 0.684000 0.378667 0.128000 0.357333
3 0.788000 0.370667 0.128000 0.421333
3 0.700000 0.744000 0.176000 0.389333
3 0.875000 0.728000 0.198000 0.442667
