2 0.700000 0.733240 0.072000 0.198324
2 0.763000 0.659218 0.062000 0.162011
2 0.547000 0.750000 0.058000 0.226257
2 0.388000 0.768156 0.104000 0.201117
2 0.156000 0.779330 0.096000 0.229050
3 0.385000 0.653631 0.110000 0.379888
3 0.166000 0.645251 0.112000 0.307263
3 0.543000 0.643855 0.102000 0.354749
3 0.704000 0.624302 0.116000 0.382682
3 0.096000 0.685754 0.068000 0.332402
3 0.025000 0.663408 0.046000 0.354749
3 0.828000 0.569832 0.052000 0.256983
3 0.883000 0.578212 0.050000 0.268156
3 0.926000 0.567039 0.044000 0.273743
3 0.965000 0.558659 0.058000 0.279330
3 0.991000 0.555866 0.018000 0.256983
19 0.534000 0.529330 0.204000 0.270950
19 0.671000 0.523743 0.306000 0.310056
