10 0.562000 0.550667 0.876000 0.418667
10 0.478000 0.774667 0.824000 0.450667
0 0.970000 0.412000 0.060000 0.157333
0 0.814000 0.370667 0.104000 0.101333
0 0.454000 0.322667 0.088000 0.069333
0 0.109000 0.488000 0.122000 0.213333
0 0.250000 0.480000 0.104000 0.192000
0 0.370000 0.466667 0.100000 0.176000
0 0.452000 0.465333 0.076000 0.258667
0 0.505000 0.476000 0.062000 0.274667
0 0.546000 0.497333 0.076000 0.296000
0 0.640000 0.560000 0.152000 0.362667
0 0.773000 0.644000 0.158000 0.472000
0 0.914000 0.726667 0.172000 0.541333
0 0.791000 0.765333 0.222000 0.304000
0 0.607000 0.652000 0.130000 0.168000
