8 0.474000 0.395522 0.904000 0.402985
3 0.981000 0.514925 0.026000 0.116418
3 0.952000 0.510448 0.016000 0.107463
3 0.930000 0.507463 0.028000 0.119403
3 0.900000 0.513433 0.028000 0.119403
3 0.873000 0.526866 0.030000 0.140299
3 0.834000 0.528358 0.036000 0.161194
3 0.853000 0.559701 0.022000 0.116418
3 0.798000 0.501493 0.020000 0.107463
3 0.740000 0.528358 0.024000 0.119403
3 0.637000 0.526866 0.038000 0.128358
3 0.604000 0.532836 0.028000 0.140299
3 0.375000 0.519403 0.026000 0.101493
3 0.333000 0.516418 0.018000 0.095522
3 0.318000 0.517910 0.016000 0.092537
1 0.412000 0.498507 0.028000 0.041791
1 0.240000 0.502985 0.036000 0.038806
1 0.105000 0.502985 0.038000 0.038806
1 0.203000 0.504478 0.042000 0.047761
1 0.172000 0.498507 0.028000 0.035821
1 0.278000 0.501493 0.028000 0.041791
