9 0.498000 0.457333 0.160000 0.178667
0 0.881000 0.780000 0.238000 0.370667
0 0.844000 0.917333 0.312000 0.165333
16 0.078000 0.844000 0.152000 0.312000
14 0.660000 0.440000 0.112000 0.538667
14 0.219000 0.626667 0.074000 0.165333
14 0.183000 0.656000 0.062000 0.064000
14 0.172000 0.541333 0.072000 0.101333
14 0.306000 0.505333 0.036000 0.141333
14 0.244000 0.514667 0.072000 0.117333
14 0.067000 0.508000 0.030000 0.184000
0 0.779000 0.529333 0.126000 0.242667
9 0.747000 0.420000 0.094000 0.066667
14 0.679000 0.610667 0.066000 0.192000
12 0.900000 0.562667 0.016000 0.064000
12 0.914000 0.560000 0.016000 0.053333
12 0.887000 0.488000 0.014000 0.064000
12 0.901000 0.486667 0.014000 0.061333
12 0.886000 0.564000 0.016000 0.056000
12 0.879000 0.422667 0.014000 0.061333
12 0.893000 0.418667 0.014000 0.058667
12 0.907000 0.418667 0.014000 0.053333
12 0.918000 0.418667 0.008000 0.053333
12 0.911000 0.485333 0.010000 0.064000
