2 0.695000 0.722667 0.278000 0.309333
2 0.511000 0.713333 0.150000 0.290667
2 0.355000 0.760000 0.206000 0.368000
3 0.389000 0.609333 0.106000 0.312000
3 0.498000 0.536000 0.100000 0.256000
3 0.697000 0.600000 0.154000 0.442667
0 0.439000 0.253333 0.050000 0.048000
0 0.440000 0.294667 0.056000 0.088000
0 0.566000 0.260000 0.052000 0.029333
0 0.585000 0.298667 0.062000 0.074667
0 0.636000 0.342667 0.076000 0.098667
16 0.388000 0.386667 0.076000 0.133333
14 0.592000 0.469333 0.048000 0.085333
14 0.547000 0.469333 0.030000 0.058667
14 0.654000 0.370667 0.044000 0.170667
14 0.949000 0.392000 0.102000 0.224000
14 0.785000 0.249333 0.066000 0.162667
9 0.807000 0.132000 0.038000 0.056000
14 0.495000 0.402667 0.106000 0.106667
