12 0.504000 0.576271 0.028000 0.158192
12 0.554000 0.605932 0.028000 0.138418
12 0.590000 0.560734 0.028000 0.155367
12 0.608000 0.570621 0.024000 0.090395
12 0.542000 0.694915 0.040000 0.220339
12 0.417000 0.632768 0.022000 0.084746
12 0.413000 0.696328 0.030000 0.098870
12 0.369000 0.841808 0.042000 0.169492
3 0.548000 0.481638 0.172000 0.211864
3 0.349000 0.532486 0.086000 0.240113
3 0.267000 0.579096 0.102000 0.344633
3 0.190000 0.637006 0.104000 0.353107
3 0.110000 0.685028 0.208000 0.494350
3 0.735000 0.515537 0.106000 0.302260
3 0.884000 0.429379 0.080000 0.118644
3 0.796000 0.621469 0.240000 0.497175
3 0.855000 0.710452 0.290000 0.528249
10 0.471000 0.793785 0.598000 0.412429
12 0.638000 0.803672 0.040000 0.172316
14 0.521000 0.224576 0.122000 0.200565
