3 0.485000 0.617333 0.650000 0.765333
3 0.911000 0.474667 0.078000 0.165333
3 0.809000 0.448000 0.094000 0.122667
10 0.902000 0.792000 0.196000 0.416000
10 0.752000 0.524000 0.116000 0.104000
10 0.363000 0.473333 0.086000 0.056000
10 0.313000 0.618667 0.210000 0.250667
10 0.083000 0.929333 0.162000 0.141333
10 0.055000 0.525333 0.102000 0.149333
0 0.908000 0.821333 0.184000 0.357333
0 0.184000 0.609333 0.172000 0.269333
0 0.302000 0.469333 0.064000 0.064000
0 0.383000 0.632000 0.166000 0.282667
0 0.084000 0.530667 0.092000 0.170667
0 0.151000 0.496000 0.078000 0.122667
0 0.249000 0.506667 0.110000 0.069333
0 0.415000 0.480000 0.094000 0.074667
0 0.436000 0.518667 0.088000 0.072000
0 0.854000 0.546667 0.108000 0.144000
0 0.033000 0.457333 0.062000 0.013333
