12 0.497000 0.473333 0.042000 0.210667
12 0.545000 0.525333 0.050000 0.224000
12 0.605000 0.456000 0.046000 0.202667
12 0.588000 0.341333 0.040000 0.144000
12 0.480000 0.905333 0.076000 0.189333
12 0.524000 0.873333 0.064000 0.253333
3 0.181000 0.633333 0.358000 0.733333
3 0.249000 0.405333 0.326000 0.544000
3 0.395000 0.340000 0.154000 0.376000
3 0.891000 0.626667 0.218000 0.746667
3 0.862000 0.454667 0.276000 0.525333
3 0.731000 0.377333 0.134000 0.376000
3 0.667000 0.238667 0.086000 0.264000
3 0.578000 0.188000 0.112000 0.184000
3 0.053000 0.334667 0.102000 0.370667
10 0.581000 0.628000 0.582000 0.744000
