3 0.400000 0.618667 0.792000 0.762667
3 0.403000 0.624000 0.250000 0.752000
3 0.425000 0.454667 0.330000 0.621333
3 0.700000 0.388000 0.344000 0.424000
3 0.710000 0.586667 0.384000 0.826667
3 0.955000 0.726667 0.090000 0.546667
12 0.154000 0.654667 0.056000 0.280000
12 0.460000 0.874667 0.048000 0.186667
12 0.815000 0.306667 0.046000 0.160000
12 0.324000 0.166667 0.064000 0.141333
12 0.485000 0.422667 0.038000 0.125333
12 0.563000 0.676000 0.074000 0.178667
12 0.075000 0.865333 0.078000 0.114667
