10 0.494000 0.737333 0.984000 0.525333
10 0.953000 0.302667 0.094000 0.157333
10 0.369000 0.377333 0.442000 0.189333
0 0.720000 0.934667 0.360000 0.130667
0 0.960000 0.558667 0.080000 0.264000
0 0.737000 0.440000 0.166000 0.106667
0 0.464000 0.440000 0.152000 0.106667
0 0.160000 0.484000 0.160000 0.136000
0 0.049000 0.442667 0.070000 0.229333
0 0.035000 0.305333 0.046000 0.034667
0 0.137000 0.340000 0.070000 0.152000
0 0.213000 0.404000 0.138000 0.125333
0 0.443000 0.410667 0.130000 0.128000
0 0.634000 0.386667 0.084000 0.165333
0 0.692000 0.336000 0.036000 0.117333
0 0.639000 0.284000 0.070000 0.056000
0 0.508000 0.272000 0.064000 0.053333
0 0.299000 0.269333 0.086000 0.037333
0 0.822000 0.364000 0.088000 0.253333
0 0.911000 0.394667 0.094000 0.277333
0 0.815000 0.257333 0.038000 0.077333
0 0.902000 0.236000 0.080000 0.040000
