3 0.649000 0.153333 0.154000 0.301333
3 0.808000 0.152000 0.124000 0.298667
12 0.668000 0.258667 0.028000 0.101333
12 0.328000 0.257333 0.028000 0.114667
12 0.256000 0.261333 0.032000 0.117333
3 0.140000 0.156000 0.120000 0.306667
3 0.031000 0.208000 0.058000 0.213333
0 0.936000 0.462667 0.128000 0.301333
0 0.769000 0.461333 0.162000 0.298667
0 0.207000 0.458667 0.154000 0.277333
0 0.065000 0.460000 0.126000 0.274667
3 0.423000 0.538667 0.462000 0.736000
3 0.714000 0.634667 0.400000 0.730667
3 0.943000 0.840000 0.114000 0.320000
3 0.526000 0.837333 0.216000 0.325333
3 0.271000 0.858667 0.174000 0.282667
3 0.094000 0.849333 0.184000 0.301333
3 0.016000 0.689333 0.028000 0.088000
3 0.352000 0.222667 0.244000 0.178667
