3 0.142000 0.407268 0.096000 0.228070
3 0.315000 0.427318 0.114000 0.323308
3 0.499000 0.394737 0.114000 0.358396
3 0.667000 0.319549 0.150000 0.187970
3 0.119000 0.526316 0.118000 0.180451
3 0.226000 0.521303 0.084000 0.125313
3 0.401000 0.546366 0.094000 0.265664
3 0.686000 0.479950 0.124000 0.203008
3 0.823000 0.447368 0.098000 0.157895
6 0.048000 0.759398 0.088000 0.406015
6 0.131000 0.744361 0.230000 0.395990
6 0.255000 0.759398 0.130000 0.350877
6 0.394000 0.709273 0.196000 0.370927
6 0.646000 0.665414 0.308000 0.408521
6 0.793000 0.639098 0.314000 0.416040
