1 0.494000 0.529333 0.900000 0.680000
1 0.823000 0.137333 0.126000 0.066667
1 0.675000 0.136000 0.186000 0.074667
1 0.781000 0.344000 0.438000 0.341333
1 0.519000 0.152000 0.178000 0.090667
1 0.258000 0.200000 0.256000 0.154667
1 0.067000 0.252000 0.130000 0.216000
1 0.059000 0.138667 0.114000 0.101333
1 0.165000 0.136000 0.114000 0.090667
1 0.304000 0.110667 0.124000 0.050667
1 0.573000 0.112000 0.090000 0.064000
1 0.041000 0.825333 0.078000 0.349333
3 0.954000 0.156000 0.092000 0.242667
3 0.879000 0.096000 0.026000 0.064000
3 0.848000 0.084000 0.032000 0.050667
3 0.778000 0.088000 0.044000 0.069333
3 0.738000 0.089333 0.040000 0.077333
3 0.704000 0.073333 0.008000 0.034667
3 0.686000 0.074667 0.032000 0.058667
3 0.579000 0.069333 0.022000 0.032000
3 0.504000 0.065333 0.020000 0.034667
3 0.540000 0.064000 0.028000 0.032000
3 0.403000 0.106667 0.082000 0.138667
