14 0.793333 0.683000 0.093333 0.262000
14 0.532000 0.667000 0.040000 0.066000
14 0.557333 0.671000 0.037333 0.062000
14 0.612000 0.687000 0.066667 0.086000
0 0.724000 0.895000 0.141333 0.182000
0 0.881333 0.802000 0.125333 0.080000
0 0.628000 0.909000 0.184000 0.182000
0 0.794667 0.922000 0.186667 0.156000
10 0.801333 0.907000 0.392000 0.186000
3 0.322667 0.808000 0.176000 0.384000
3 0.473333 0.653000 0.104000 0.098000
3 0.477333 0.800000 0.138667 0.316000
3 0.152000 0.692000 0.058667 0.164000
3 0.201333 0.697000 0.050667 0.146000
