12 0.332000 0.198667 0.060000 0.264000
12 0.410000 0.173333 0.080000 0.336000
12 0.493000 0.172000 0.078000 0.333333
12 0.577000 0.172000 0.082000 0.338667
12 0.664000 0.170667 0.080000 0.330667
12 0.747000 0.170667 0.082000 0.336000
12 0.832000 0.173333 0.080000 0.336000
12 0.910000 0.169333 0.068000 0.333333
12 0.973000 0.168000 0.054000 0.330667
12 0.076000 0.736000 0.136000 0.512000
12 0.191000 0.732000 0.134000 0.498667
12 0.225000 0.568000 0.078000 0.282667
12 0.307000 0.708000 0.122000 0.509333
12 0.348000 0.510667 0.072000 0.168000
12 0.424000 0.721333 0.116000 0.514667
12 0.455000 0.472000 0.042000 0.096000
12 0.498000 0.546667 0.052000 0.192000
12 0.576000 0.472000 0.040000 0.128000
12 0.597000 0.538667 0.070000 0.186667
12 0.714000 0.544000 0.068000 0.197333
12 0.716000 0.498667 0.084000 0.202667
12 0.830000 0.514667 0.072000 0.240000
12 0.956000 0.496000 0.088000 0.208000
12 0.531000 0.724000 0.118000 0.498667
12 0.645000 0.722667 0.110000 0.501333
12 0.764000 0.725333 0.120000 0.490667
12 0.882000 0.704000 0.120000 0.538667
12 0.968000 0.728000 0.064000 0.490667
