0 0.791000 0.830667 0.250000 0.338667
0 0.397000 0.692000 0.166000 0.296000
0 0.307000 0.646667 0.142000 0.253333
0 0.217000 0.598667 0.118000 0.232000
0 0.165000 0.560000 0.102000 0.186667
0 0.081000 0.533333 0.114000 0.176000
0 0.039000 0.512000 0.074000 0.154667
9 0.087000 0.384000 0.026000 0.069333
9 0.109000 0.390667 0.026000 0.077333
9 0.148000 0.393333 0.052000 0.077333
9 0.193000 0.401333 0.042000 0.088000
9 0.229000 0.409333 0.058000 0.098667
9 0.293000 0.422667 0.086000 0.109333
9 0.392000 0.436000 0.088000 0.125333
9 0.488000 0.461333 0.116000 0.138667
9 0.666000 0.502667 0.144000 0.184000
9 0.885000 0.544000 0.202000 0.218667
