1 0.979000 0.601145 0.042000 0.087786
1 0.913000 0.585878 0.110000 0.110687
1 0.856000 0.599237 0.064000 0.083969
1 0.792000 0.593511 0.052000 0.087786
1 0.639000 0.582061 0.074000 0.095420
1 0.435000 0.591603 0.070000 0.114504
1 0.344000 0.589695 0.088000 0.110687
1 0.256000 0.603053 0.072000 0.129771
1 0.137000 0.597328 0.098000 0.118321
1 0.042000 0.597328 0.076000 0.095420
13 0.692000 0.656489 0.036000 0.129771
13 0.556000 0.662214 0.044000 0.148855
13 0.510000 0.673664 0.040000 0.141221
13 0.483000 0.679389 0.042000 0.183206
13 0.419000 0.662214 0.042000 0.148855
13 0.317000 0.666031 0.050000 0.141221
13 0.120000 0.675573 0.048000 0.145038
1 0.706000 0.574427 0.116000 0.148855
