11 0.754000 0.921333 0.120000 0.141333
11 0.882000 0.921333 0.060000 0.093333
11 0.986000 0.948000 0.028000 0.093333
11 0.507000 0.945333 0.062000 0.093333
11 0.616000 0.952000 0.124000 0.080000
3 0.404000 0.594667 0.256000 0.549333
3 0.354000 0.252000 0.160000 0.466667
3 0.115000 0.162667 0.070000 0.277333
3 0.166000 0.160000 0.084000 0.304000
3 0.051000 0.140000 0.094000 0.258667
11 0.090000 0.972000 0.088000 0.056000
3 0.990000 0.040000 0.020000 0.064000
3 0.966000 0.036000 0.016000 0.066667
3 0.951000 0.041333 0.022000 0.077333
3 0.928000 0.042667 0.036000 0.080000
