15 0.747000 0.401333 0.110000 0.280000
15 0.820000 0.394667 0.080000 0.192000
15 0.640000 0.505333 0.168000 0.461333
15 0.895000 0.496000 0.150000 0.293333
15 0.265000 0.641333 0.194000 0.488000
15 0.431000 0.785333 0.218000 0.424000
15 0.106000 0.328000 0.096000 0.160000
3 0.560000 0.253333 0.108000 0.154667
3 0.479000 0.252000 0.086000 0.162667
3 0.349000 0.274667 0.098000 0.133333
3 0.320000 0.253333 0.064000 0.106667
3 0.912000 0.410667 0.100000 0.480000
3 0.961000 0.509333 0.078000 0.677333
3 0.158000 0.538667 0.184000 0.586667
3 0.440000 0.594667 0.352000 0.773333
