18 0.120000 0.585586 0.232000 0.246246
18 0.688000 0.809309 0.324000 0.381381
18 0.452000 0.669670 0.176000 0.360360
18 0.331000 0.618619 0.122000 0.168168
13 0.798000 0.379880 0.236000 0.309309
13 0.576000 0.354354 0.200000 0.246246
13 0.378000 0.342342 0.168000 0.216216
13 0.275000 0.384384 0.090000 0.126126
13 0.057000 0.360360 0.106000 0.102102
13 0.289000 0.130631 0.074000 0.045045
13 0.500000 0.147147 0.052000 0.036036
13 0.947000 0.337838 0.106000 0.063063
3 0.218000 0.701201 0.076000 0.309309
