7 0.299000 0.594667 0.590000 0.154667
1 0.770000 0.878667 0.092000 0.077333
1 0.402000 0.945333 0.156000 0.093333
1 0.989000 0.913333 0.022000 0.061333
3 0.203000 0.960000 0.026000 0.058667
3 0.180000 0.897333 0.032000 0.088000
3 0.931000 0.965333 0.030000 0.069333
3 0.866000 0.968000 0.028000 0.064000
3 0.432000 0.968000 0.020000 0.064000
3 0.412000 0.972000 0.020000 0.056000
3 0.384000 0.978667 0.028000 0.042667
3 0.357000 0.981333 0.030000 0.037333
3 0.329000 0.973333 0.018000 0.053333
3 0.226000 0.982667 0.024000 0.034667
3 0.247000 0.985333 0.026000 0.029333
3 0.280000 0.977333 0.020000 0.045333
3 0.281000 0.960000 0.022000 0.037333
3 0.276000 0.930667 0.024000 0.074667
3 0.952000 0.824000 0.016000 0.074667
3 0.940000 0.818667 0.020000 0.048000
