1 0.331000 0.486667 0.074000 0.066667
1 0.263000 0.497333 0.074000 0.088000
3 0.700000 0.540000 0.032000 0.098667
3 0.240000 0.506667 0.048000 0.053333
3 0.306000 0.540000 0.044000 0.136000
15 0.308000 0.565333 0.044000 0.085333
3 0.413000 0.548000 0.042000 0.120000
15 0.106000 0.701333 0.124000 0.197333
15 0.253000 0.724000 0.114000 0.200000
15 0.391000 0.786667 0.118000 0.245333
15 0.564000 0.857333 0.152000 0.269333
15 0.478000 0.632000 0.092000 0.154667
15 0.196000 0.648000 0.076000 0.160000
3 0.570000 0.765333 0.116000 0.304000
3 0.397000 0.713333 0.086000 0.248000
3 0.257000 0.650667 0.098000 0.213333
3 0.119000 0.634667 0.094000 0.224000
3 0.198000 0.596000 0.064000 0.173333
1 0.872000 0.693333 0.256000 0.341333
15 0.606000 0.589333 0.068000 0.090667
15 0.655000 0.600000 0.022000 0.048000
3 0.604000 0.562667 0.048000 0.122667
3 0.646000 0.540000 0.028000 0.077333
3 0.031000 0.534667 0.038000 0.130667
3 0.074000 0.522667 0.044000 0.069333
3 0.148000 0.496000 0.036000 0.058667
3 0.167000 0.486667 0.026000 0.045333
15 0.154000 0.552000 0.036000 0.085333
15 0.072000 0.601333 0.052000 0.104000
19 0.140000 0.398667 0.036000 0.045333
3 0.787000 0.561333 0.030000 0.104000
3 0.763000 0.570667 0.034000 0.101333
3 0.825000 0.566667 0.046000 0.056000
3 0.476000 0.586667 0.064000 0.160000
