17 0.986000 0.548000 0.028000 0.029333
17 0.944000 0.545333 0.028000 0.029333
17 0.829000 0.581333 0.102000 0.085333
17 0.728000 0.572000 0.092000 0.066667
17 0.673000 0.540000 0.034000 0.024000
17 0.652000 0.568000 0.040000 0.037333
17 0.593000 0.569333 0.078000 0.061333
17 0.596000 0.528000 0.024000 0.021333
17 0.561000 0.554667 0.030000 0.021333
17 0.540000 0.540000 0.028000 0.029333
17 0.508000 0.574667 0.076000 0.061333
17 0.471000 0.549333 0.046000 0.037333
17 0.366000 0.528000 0.036000 0.026667
17 0.313000 0.553333 0.062000 0.056000
17 0.224000 0.570667 0.080000 0.080000
17 0.114000 0.540000 0.052000 0.029333
17 0.075000 0.534667 0.034000 0.029333
17 0.015000 0.549333 0.026000 0.058667
17 0.023000 0.509333 0.030000 0.021333
