10 0.544000 0.888000 0.360000 0.112000
10 0.590000 0.966667 0.524000 0.066667
10 0.580000 0.828000 0.268000 0.050667
3 0.165000 0.725333 0.314000 0.549333
3 0.307000 0.669333 0.178000 0.341333
3 0.355000 0.786667 0.142000 0.368000
3 0.403000 0.706667 0.130000 0.261333
3 0.476000 0.702667 0.096000 0.237333
3 0.691000 0.706667 0.114000 0.309333
3 0.599000 0.670667 0.126000 0.258667
3 0.925000 0.722667 0.150000 0.554667
3 0.804000 0.753333 0.244000 0.482667
3 0.762000 0.705333 0.140000 0.312000
16 0.273000 0.824000 0.542000 0.352000
