3 0.744000 0.744000 0.216000 0.512000
3 0.598000 0.758667 0.144000 0.482667
3 0.695000 0.584000 0.082000 0.154667
3 0.657000 0.430667 0.150000 0.173333
3 0.531000 0.442667 0.146000 0.378667
3 0.482000 0.646667 0.132000 0.397333
3 0.386000 0.674667 0.160000 0.357333
3 0.195000 0.654667 0.158000 0.397333
3 0.261000 0.628000 0.102000 0.376000
3 0.322000 0.562667 0.092000 0.213333
3 0.073000 0.702667 0.134000 0.514667
3 0.033000 0.698667 0.062000 0.506667
3 0.156000 0.424000 0.028000 0.037333
3 0.318000 0.430667 0.072000 0.072000
