3 0.806000 0.822500 0.128000 0.355000
3 0.647000 0.827500 0.134000 0.345000
3 0.486000 0.813750 0.144000 0.372500
3 0.142000 0.661250 0.048000 0.077500
3 0.371000 0.845000 0.098000 0.310000
3 0.207000 0.640000 0.058000 0.050000
3 0.123000 0.632500 0.046000 0.065000
13 0.285000 0.318750 0.086000 0.387500
13 0.591000 0.447500 0.130000 0.155000
13 0.948000 0.491250 0.104000 0.062500
3 0.975000 0.457500 0.026000 0.045000
3 0.939000 0.460000 0.030000 0.055000
3 0.914000 0.476250 0.032000 0.032500
13 0.971000 0.370000 0.058000 0.060000
13 0.678000 0.500000 0.056000 0.025000
3 0.910000 0.477500 0.016000 0.025000
13 0.770000 0.368750 0.060000 0.032500
13 0.842000 0.368750 0.044000 0.022500
13 0.884000 0.367500 0.044000 0.030000
13 0.923000 0.363750 0.042000 0.032500
