3 0.206000 0.611111 0.136000 0.657658
3 0.352000 0.632132 0.128000 0.627628
3 0.503000 0.659159 0.122000 0.585586
3 0.084000 0.530030 0.100000 0.399399
3 0.886000 0.594595 0.068000 0.186186
3 0.920000 0.807808 0.120000 0.306306
3 0.813000 0.581081 0.090000 0.189189
3 0.449000 0.433934 0.066000 0.171171
3 0.564000 0.489489 0.060000 0.192192
3 0.730000 0.585586 0.072000 0.270270
15 0.551000 0.728228 0.318000 0.387387
15 0.654000 0.684685 0.212000 0.390390
3 0.257000 0.387387 0.082000 0.228228
3 0.026000 0.402402 0.048000 0.132132
12 0.868000 0.711712 0.020000 0.054054
12 0.854000 0.711712 0.016000 0.066066
12 0.845000 0.720721 0.018000 0.060060
12 0.829000 0.735736 0.018000 0.096096
