11 0.270000 0.694667 0.192000 0.392000
11 0.836000 0.537333 0.128000 0.312000
11 0.048000 0.525333 0.036000 0.032000
11 0.073000 0.498667 0.022000 0.037333
11 0.121000 0.494667 0.026000 0.034667
11 0.098000 0.466667 0.024000 0.026667
11 0.128000 0.465333 0.024000 0.024000
11 0.181000 0.464000 0.026000 0.042667
11 0.221000 0.478667 0.030000 0.029333
11 0.354000 0.442667 0.020000 0.026667
11 0.374000 0.434667 0.016000 0.032000
11 0.556000 0.449333 0.020000 0.024000
11 0.935000 0.422667 0.022000 0.061333
