13 0.501333 0.847000 0.997333 0.298000
13 0.560000 0.691000 0.880000 0.206000
13 0.605333 0.498000 0.789333 0.192000
13 0.492000 0.181000 0.376000 0.086000
13 0.445333 0.206000 0.224000 0.056000
13 0.857333 0.297000 0.285333 0.106000
13 0.901333 0.217000 0.197333 0.154000
3 0.436000 0.417000 0.066667 0.134000
3 0.586667 0.639000 0.122667 0.206000
3 0.262667 0.619000 0.168000 0.222000
13 0.390667 0.278000 0.152000 0.080000
13 0.077333 0.244000 0.149333 0.108000
13 0.230667 0.202000 0.205333 0.112000
13 0.157333 0.247000 0.154667 0.050000
3 0.746667 0.422000 0.069333 0.124000
