4 0.688000 0.589000 0.192000 0.342000
3 0.613333 0.317000 0.293333 0.518000
14 0.150667 0.873000 0.296000 0.254000
14 0.850667 0.586000 0.138667 0.104000
14 0.960000 0.556000 0.080000 0.116000
14 0.274667 0.619000 0.165333 0.098000
14 0.310667 0.543000 0.125333 0.102000
14 0.357333 0.445000 0.122667 0.146000
14 0.410667 0.347000 0.101333 0.062000
14 0.418667 0.278000 0.117333 0.092000
14 0.430667 0.206000 0.093333 0.084000
14 0.764000 0.372000 0.104000 0.096000
14 0.081333 0.921000 0.157333 0.158000
14 0.781333 0.304000 0.058667 0.072000
14 0.489333 0.093000 0.168000 0.182000
14 0.330667 0.127000 0.090667 0.106000
14 0.860000 0.500000 0.184000 0.300000
4 0.376000 0.590000 0.421333 0.512000
