12 0.020000 0.753333 0.036000 0.141333
12 0.047000 0.750667 0.042000 0.146667
12 0.075000 0.752000 0.046000 0.144000
12 0.106000 0.749333 0.040000 0.144000
12 0.134000 0.750667 0.036000 0.141333
12 0.166000 0.749333 0.040000 0.144000
12 0.194000 0.746667 0.036000 0.144000
12 0.222000 0.744000 0.036000 0.144000
12 0.251000 0.748000 0.038000 0.141333
12 0.281000 0.744000 0.038000 0.144000
12 0.311000 0.740000 0.038000 0.146667
12 0.342000 0.738667 0.036000 0.144000
12 0.371000 0.740000 0.034000 0.141333
12 0.399000 0.738667 0.038000 0.144000
12 0.428000 0.737333 0.032000 0.146667
12 0.457000 0.736000 0.034000 0.144000
12 0.488000 0.737333 0.036000 0.146667
12 0.643000 0.205333 0.034000 0.117333
3 0.570000 0.600000 0.656000 0.800000
3 0.900000 0.718667 0.200000 0.562667
