19 0.404000 0.612000 0.668000 0.376000
1 0.050000 0.634667 0.044000 0.085333
19 0.787000 0.585333 0.118000 0.184000
19 0.915000 0.610667 0.150000 0.090667
3 0.660000 0.824000 0.072000 0.202667
3 0.971000 0.804000 0.054000 0.168000
3 0.214000 0.894667 0.064000 0.210667
3 0.798000 0.634667 0.024000 0.080000
3 0.179000 0.494667 0.054000 0.082667
3 0.355000 0.521333 0.022000 0.040000
3 0.404000 0.520000 0.020000 0.048000
3 0.427000 0.520000 0.030000 0.048000
3 0.622000 0.521333 0.032000 0.045333
3 0.682000 0.529333 0.024000 0.029333
3 0.459000 0.524000 0.022000 0.034667
3 0.509000 0.521333 0.026000 0.045333
3 0.584000 0.524000 0.028000 0.045333
3 0.739000 0.626667 0.018000 0.080000
