1 0.924000 0.448949 0.152000 0.267267
2 0.537000 0.702703 0.422000 0.324324
15 0.802000 0.348348 0.148000 0.120120
3 0.799000 0.307808 0.066000 0.135135
3 0.569000 0.581081 0.162000 0.471471
19 0.104000 0.340841 0.204000 0.387387
19 0.270000 0.238739 0.232000 0.147147
19 0.824000 0.190691 0.352000 0.273273
1 0.325000 0.288288 0.174000 0.090090
1 0.481000 0.252252 0.066000 0.054054
1 0.431000 0.241742 0.082000 0.069069
1 0.529000 0.247748 0.062000 0.045045
1 0.547000 0.255255 0.030000 0.042042
1 0.605000 0.241742 0.042000 0.063063
1 0.634000 0.244745 0.040000 0.051051
