9 0.184000 0.698198 0.228000 0.249249
9 0.588000 0.665165 0.208000 0.255255
9 0.438000 0.570571 0.124000 0.174174
9 0.193000 0.549550 0.134000 0.102102
9 0.182000 0.489489 0.096000 0.048048
9 0.175000 0.454955 0.074000 0.045045
9 0.293000 0.466967 0.074000 0.099099
9 0.359000 0.516517 0.090000 0.120120
9 0.553000 0.468468 0.070000 0.084084
9 0.659000 0.487988 0.094000 0.105105
9 0.802000 0.518018 0.136000 0.135135
9 0.902000 0.465465 0.088000 0.090090
9 0.943000 0.506006 0.114000 0.123123
9 0.661000 0.439940 0.078000 0.027027
9 0.761000 0.453453 0.074000 0.078078
0 0.173000 0.899399 0.266000 0.201201
0 0.626000 0.873874 0.216000 0.252252
0 0.869000 0.717718 0.150000 0.342342
9 0.552000 0.408408 0.064000 0.072072
9 0.598000 0.421922 0.064000 0.069069
