10 0.498958 0.732087 0.989583 0.523364
14 0.634375 0.545171 0.197917 0.342679
14 0.251042 0.627726 0.185417 0.333333
3 0.851042 0.292835 0.147917 0.479751
3 0.665625 0.294393 0.168750 0.271028
3 0.701042 0.274143 0.077083 0.211838
0 0.160417 0.400312 0.058333 0.202492
0 0.747917 0.330218 0.025000 0.118380
0 0.579167 0.344237 0.100000 0.127726
0 0.358333 0.378505 0.100000 0.202492
0 0.258333 0.362928 0.108333 0.221184
0 0.080208 0.381620 0.072917 0.246106
0 0.051042 0.459502 0.097917 0.133956
0 0.517708 0.409657 0.102083 0.090343
10 0.420833 0.319315 0.320833 0.127726
10 0.060417 0.390966 0.116667 0.177570
