8 0.541000 0.870871 0.542000 0.258258
8 0.571000 0.475976 0.858000 0.405405
8 0.175000 0.639640 0.262000 0.150150
8 0.565000 0.124625 0.790000 0.243243
8 0.341000 0.294294 0.198000 0.084084
8 0.739000 0.346847 0.118000 0.087087
8 0.861000 0.337838 0.090000 0.081081
8 0.917000 0.369369 0.166000 0.144144
8 0.887000 0.183183 0.226000 0.210210
8 0.461000 0.330330 0.126000 0.072072
8 0.585000 0.330330 0.106000 0.066066
8 0.790000 0.759760 0.260000 0.234234
8 0.819000 0.654655 0.254000 0.120120
8 0.562000 0.223724 0.096000 0.075075
8 0.699000 0.213213 0.126000 0.072072
8 0.832000 0.244745 0.156000 0.069069
8 0.136000 0.471471 0.072000 0.072072
3 0.954000 0.831832 0.024000 0.066066
3 0.969000 0.849850 0.026000 0.096096
3 0.955000 0.947447 0.030000 0.105105
3 0.929000 0.950450 0.034000 0.099099
3 0.909000 0.966967 0.022000 0.066066
