11 0.528000 0.238095 0.084000 0.077381
11 0.579000 0.857143 0.066000 0.059524
11 0.659000 0.821429 0.054000 0.047619
11 0.839000 0.816964 0.054000 0.056548
11 0.952000 0.781250 0.044000 0.044643
11 0.932000 0.776786 0.044000 0.047619
11 0.895000 0.729167 0.038000 0.041667
11 0.869000 0.697917 0.022000 0.032738
11 0.837000 0.727679 0.018000 0.038690
11 0.819000 0.751488 0.018000 0.044643
11 0.657000 0.754464 0.030000 0.044643
11 0.658000 0.721726 0.040000 0.038690
11 0.631000 0.712798 0.042000 0.044643
11 0.589000 0.706845 0.034000 0.044643
11 0.621000 0.684524 0.030000 0.035714
11 0.565000 0.668155 0.030000 0.038690
11 0.505000 0.723214 0.038000 0.041667
11 0.422000 0.696429 0.036000 0.035714
11 0.522000 0.669643 0.036000 0.035714
11 0.366000 0.750000 0.048000 0.047619
11 0.348000 0.715774 0.032000 0.044643
11 0.497000 0.691964 0.034000 0.032738
11 0.496000 0.675595 0.032000 0.023810
11 0.417000 0.657738 0.026000 0.035714
11 0.370000 0.683036 0.032000 0.038690
11 0.380000 0.666667 0.028000 0.029762
11 0.387000 0.647321 0.030000 0.032738
11 0.340000 0.632440 0.020000 0.032738
11 0.306000 0.659226 0.028000 0.032738
11 0.216000 0.729167 0.040000 0.041667
11 0.176000 0.706845 0.040000 0.044643
11 0.201000 0.691964 0.026000 0.038690
11 0.248000 0.650298 0.024000 0.038690
11 0.222000 0.647321 0.028000 0.044643
11 0.174000 0.625000 0.028000 0.035714
11 0.036000 0.648810 0.020000 0.035714
11 0.067000 0.688988 0.038000 0.050595
11 0.121000 0.681548 0.034000 0.041667
11 0.119000 0.648810 0.034000 0.035714
11 0.095000 0.674107 0.038000 0.032738
11 0.090000 0.657738 0.032000 0.035714
11 0.294000 0.683036 0.044000 0.044643
