3 0.038000 0.222667 0.072000 0.136000
3 0.387000 0.309333 0.170000 0.512000
3 0.543000 0.344000 0.182000 0.421333
3 0.696000 0.246667 0.156000 0.226667
3 0.143000 0.684000 0.194000 0.632000
3 0.289000 0.449333 0.166000 0.296000
3 0.480000 0.430667 0.172000 0.258667
3 0.692000 0.444000 0.236000 0.306667
3 0.849000 0.674667 0.282000 0.650667
10 0.470000 0.765333 0.848000 0.432000
12 0.149000 0.294667 0.014000 0.034667
12 0.197000 0.294667 0.018000 0.040000
12 0.184000 0.294667 0.016000 0.034667
12 0.172000 0.290667 0.012000 0.032000
12 0.161000 0.289333 0.010000 0.029333
