3 0.829333 0.716000 0.080000 0.144000
3 0.109333 0.692000 0.074667 0.136000
3 0.600000 0.703000 0.080000 0.146000
3 0.718667 0.708000 0.066667 0.152000
3 0.493333 0.715000 0.058667 0.154000
3 0.440000 0.704000 0.069333 0.140000
3 0.174667 0.707000 0.093333 0.142000
3 0.252000 0.696000 0.050667 0.132000
3 0.200000 0.649000 0.037333 0.050000
3 0.133333 0.646000 0.048000 0.068000
3 0.356000 0.725000 0.077333 0.138000
3 0.064000 0.707000 0.058667 0.134000
3 0.012000 0.721000 0.018667 0.146000
1 0.056000 0.660000 0.106667 0.072000
