10 0.523000 0.766667 0.566000 0.466667
12 0.468000 0.497333 0.036000 0.120000
3 0.720000 0.516000 0.224000 0.429333
3 0.829000 0.624000 0.146000 0.464000
3 0.919000 0.697333 0.162000 0.605333
3 0.127000 0.716000 0.250000 0.568000
3 0.207000 0.618667 0.230000 0.629333
3 0.260000 0.518667 0.172000 0.392000
3 0.560000 0.306667 0.076000 0.437333
3 0.682000 0.206667 0.120000 0.205333
3 0.595000 0.162667 0.094000 0.176000
3 0.844000 0.269333 0.068000 0.133333
3 0.909000 0.220000 0.038000 0.082667
3 0.972000 0.244000 0.044000 0.136000
3 0.938000 0.240000 0.044000 0.122667
10 0.923000 0.358667 0.154000 0.077333
