14 0.930000 0.710667 0.140000 0.296000
14 0.062000 0.389333 0.120000 0.224000
14 0.158000 0.421333 0.108000 0.133333
14 0.254000 0.353333 0.120000 0.093333
14 0.414000 0.394667 0.112000 0.149333
14 0.525000 0.380000 0.142000 0.168000
14 0.656000 0.408000 0.072000 0.096000
14 0.799000 0.385333 0.094000 0.114667
14 0.889000 0.369333 0.090000 0.136000
14 0.824000 0.796000 0.104000 0.178667
14 0.755000 0.702667 0.158000 0.429333
14 0.690000 0.860000 0.068000 0.152000
14 0.608000 0.768000 0.124000 0.218667
14 0.525000 0.922667 0.090000 0.154667
14 0.350000 0.656000 0.584000 0.538667
14 0.146000 0.928000 0.120000 0.144000
