14 0.903000 0.332000 0.182000 0.290667
3 0.666000 0.400000 0.100000 0.432000
3 0.416000 0.466667 0.116000 0.213333
3 0.315000 0.346667 0.082000 0.416000
3 0.371000 0.381333 0.066000 0.272000
3 0.378000 0.281333 0.072000 0.253333
3 0.539000 0.305333 0.058000 0.216000
3 0.159000 0.294667 0.074000 0.178667
3 0.084000 0.345333 0.100000 0.456000
14 0.617000 0.240000 0.086000 0.202667
0 0.170000 0.328000 0.072000 0.122667
0 0.244000 0.318667 0.072000 0.104000
3 0.463000 0.265333 0.090000 0.274667
3 0.756000 0.312000 0.080000 0.277333
3 0.788000 0.297333 0.032000 0.162667
3 0.727000 0.224000 0.026000 0.064000
3 0.691000 0.214667 0.066000 0.114667
3 0.511000 0.422667 0.126000 0.264000
