3 0.434000 0.728000 0.340000 0.544000
3 0.465000 0.670667 0.530000 0.626667
3 0.215000 0.341333 0.082000 0.133333
3 0.238000 0.358667 0.124000 0.173333
3 0.306000 0.434667 0.172000 0.186667
3 0.396000 0.457333 0.112000 0.194667
3 0.128000 0.672000 0.252000 0.592000
3 0.063000 0.425333 0.122000 0.173333
3 0.028000 0.364000 0.052000 0.178667
0 0.094000 0.830667 0.184000 0.338667
0 0.203000 0.929333 0.090000 0.141333
10 0.769000 0.840000 0.462000 0.320000
12 0.818000 0.688000 0.044000 0.106667
10 0.246000 0.650667 0.244000 0.474667
