10 0.641000 0.754667 0.630000 0.490667
3 0.374000 0.678667 0.516000 0.642667
3 0.343000 0.366667 0.070000 0.146667
3 0.870000 0.652000 0.260000 0.621333
3 0.735000 0.476000 0.230000 0.322667
3 0.681000 0.438667 0.130000 0.317333
3 0.435000 0.378667 0.190000 0.282667
12 0.517000 0.521333 0.046000 0.157333
0 0.075000 0.846667 0.074000 0.306667
0 0.125000 0.808000 0.038000 0.149333
0 0.159000 0.592000 0.046000 0.122667
0 0.372000 0.781333 0.072000 0.144000
0 0.972000 0.837333 0.056000 0.325333
3 0.034000 0.784000 0.064000 0.432000
