2 0.627000 0.710667 0.126000 0.296000
2 0.420000 0.832000 0.132000 0.298667
2 0.301000 0.748000 0.102000 0.285333
2 0.925000 0.428000 0.050000 0.098667
2 0.706000 0.377333 0.024000 0.056000
2 0.339000 0.313333 0.018000 0.045333
2 0.437000 0.310667 0.050000 0.040000
2 0.617000 0.334667 0.026000 0.061333
3 0.429000 0.689333 0.158000 0.504000
3 0.627000 0.610667 0.110000 0.389333
3 0.305000 0.626667 0.130000 0.448000
3 0.928000 0.389333 0.048000 0.138667
3 0.711000 0.336000 0.034000 0.096000
3 0.620000 0.310667 0.028000 0.077333
3 0.342000 0.284000 0.028000 0.082667
3 0.438000 0.286667 0.036000 0.072000
