17 0.856000 0.489333 0.068000 0.061333
17 0.402000 0.534667 0.072000 0.077333
17 0.466000 0.600000 0.108000 0.128000
17 0.702000 0.613333 0.120000 0.149333
17 0.765000 0.630667 0.058000 0.104000
17 0.982000 0.565333 0.036000 0.117333
17 0.302000 0.557333 0.052000 0.064000
17 0.292000 0.449333 0.036000 0.045333
17 0.255000 0.442667 0.034000 0.032000
17 0.250000 0.454667 0.028000 0.024000
17 0.216000 0.446667 0.036000 0.034667
17 0.185000 0.449333 0.034000 0.040000
17 0.432000 0.432000 0.032000 0.037333
17 0.497000 0.432000 0.042000 0.042667
17 0.680000 0.414667 0.040000 0.045333
17 0.614000 0.378667 0.024000 0.021333
17 0.591000 0.377333 0.022000 0.024000
17 0.023000 0.470667 0.042000 0.034667
17 0.021000 0.441333 0.034000 0.029333
17 0.833000 0.618667 0.050000 0.080000
17 0.728000 0.374667 0.028000 0.024000
17 0.795000 0.393333 0.030000 0.029333
17 0.132000 0.624000 0.096000 0.112000
17 0.590000 0.618667 0.052000 0.085333
17 0.517000 0.678667 0.074000 0.061333
17 0.623000 0.534667 0.018000 0.045333
17 0.161000 0.522667 0.038000 0.048000
17 0.254000 0.545333 0.048000 0.040000
17 0.221000 0.556000 0.022000 0.024000
17 0.230000 0.589333 0.032000 0.032000
17 0.281000 0.684000 0.066000 0.093333
17 0.369000 0.646667 0.094000 0.146667
17 0.510000 0.522667 0.040000 0.032000
17 0.448000 0.397333 0.020000 0.021333
17 0.363000 0.404000 0.026000 0.024000
17 0.389000 0.398667 0.018000 0.018667
17 0.276000 0.405333 0.024000 0.021333
17 0.223000 0.413333 0.022000 0.021333
17 0.194000 0.418667 0.016000 0.016000
17 0.108000 0.426667 0.028000 0.032000
17 0.745000 0.409333 0.014000 0.034667
17 0.867000 0.400000 0.018000 0.037333
17 0.811000 0.358667 0.018000 0.024000
17 0.761000 0.362667 0.022000 0.026667
17 0.706000 0.365333 0.020000 0.021333
17 0.732000 0.364000 0.024000 0.024000
17 0.372000 0.432000 0.028000 0.032000
17 0.316000 0.417333 0.024000 0.029333
17 0.248000 0.412000 0.020000 0.018667
17 0.161000 0.485333 0.022000 0.021333
17 0.057000 0.425333 0.014000 0.013333
17 0.086000 0.421333 0.016000 0.021333
17 0.086000 0.446667 0.024000 0.024000
17 0.030000 0.424000 0.020000 0.021333
17 0.480000 0.457333 0.024000 0.029333
17 0.874000 0.598667 0.060000 0.136000
