13 0.925000 0.590426 0.106000 0.500000
13 0.819000 0.625000 0.102000 0.452128
13 0.435000 0.595745 0.138000 0.489362
13 0.241000 0.635638 0.090000 0.335106
13 0.033000 0.651596 0.058000 0.292553
13 0.503000 0.670213 0.070000 0.223404
13 0.686000 0.656915 0.052000 0.218085
13 0.619000 0.683511 0.042000 0.186170
13 0.424000 0.611702 0.056000 0.329787
13 0.293000 0.664894 0.054000 0.234043
13 0.362000 0.747340 0.064000 0.047872
13 0.768000 0.654255 0.088000 0.319149
13 0.740000 0.648936 0.068000 0.308511
13 0.963000 0.664894 0.066000 0.234043
