8 0.596000 0.501502 0.808000 0.996997
8 0.269000 0.273273 0.534000 0.258258
8 0.496000 0.079580 0.484000 0.153153
8 0.886000 0.403904 0.228000 0.111111
8 0.157000 0.650150 0.310000 0.555556
8 0.603000 0.198198 0.226000 0.084084
3 0.868000 0.624625 0.028000 0.102102
3 0.842000 0.599099 0.028000 0.081081
3 0.708000 0.516517 0.028000 0.084084
3 0.786000 0.594595 0.028000 0.066066
3 0.751000 0.588589 0.018000 0.066066
3 0.761000 0.555556 0.014000 0.036036
3 0.774000 0.554054 0.020000 0.033033
8 0.126000 0.123123 0.224000 0.132132
