13 0.865000 0.533333 0.094000 0.090667
13 0.842000 0.508000 0.016000 0.024000
13 0.856000 0.506667 0.012000 0.021333
13 0.863000 0.501333 0.010000 0.021333
13 0.806000 0.504000 0.012000 0.021333
13 0.766000 0.484000 0.060000 0.034667
13 0.497000 0.534667 0.118000 0.136000
13 0.250000 0.510667 0.060000 0.061333
13 0.078000 0.510667 0.044000 0.050667
13 0.614000 0.525333 0.064000 0.058667
13 0.478000 0.512000 0.036000 0.042667
13 0.450000 0.505333 0.036000 0.034667
13 0.538000 0.492000 0.040000 0.024000
13 0.560000 0.482667 0.044000 0.032000
