1 0.714000 0.750667 0.396000 0.354667
3 0.602000 0.726667 0.108000 0.525333
3 0.495000 0.706667 0.106000 0.437333
3 0.404000 0.693333 0.096000 0.442667
3 0.325000 0.681333 0.102000 0.504000
3 0.040000 0.658667 0.064000 0.197333
3 0.100000 0.661333 0.040000 0.192000
3 0.139000 0.662667 0.046000 0.194667
1 0.104000 0.668000 0.204000 0.104000
3 0.227000 0.656000 0.018000 0.080000
3 0.244000 0.658667 0.020000 0.074667
3 0.260000 0.661333 0.020000 0.069333
3 0.110000 0.337333 0.076000 0.173333
1 0.891000 0.810667 0.218000 0.378667
1 0.890000 0.676000 0.104000 0.066667
