6 0.505333 0.556000 0.082667 0.144000
6 0.586667 0.548000 0.090667 0.148000
6 0.653333 0.525000 0.074667 0.122000
6 0.769333 0.566000 0.109333 0.144000
6 0.865333 0.549000 0.114667 0.134000
6 0.834667 0.443000 0.096000 0.106000
6 0.721333 0.490000 0.066667 0.124000
6 0.664000 0.453000 0.085333 0.066000
6 0.288000 0.481000 0.042667 0.130000
6 0.348000 0.532000 0.088000 0.152000
6 0.037333 0.437000 0.069333 0.130000
3 0.036000 0.376000 0.061333 0.060000
3 0.288000 0.432000 0.042667 0.080000
3 0.346667 0.480000 0.074667 0.080000
3 0.509333 0.494000 0.074667 0.084000
3 0.592000 0.484000 0.064000 0.056000
3 0.657333 0.476000 0.072000 0.080000
3 0.770667 0.507000 0.106667 0.090000
3 0.862667 0.496000 0.082667 0.076000
3 0.838667 0.402000 0.088000 0.092000
3 0.680000 0.417000 0.053333 0.054000
3 0.728000 0.409000 0.042667 0.038000
