12 0.211000 0.942667 0.038000 0.114667
12 0.186000 0.944000 0.060000 0.112000
12 0.084000 0.926667 0.056000 0.146667
12 0.028000 0.950667 0.032000 0.098667
16 0.738000 0.844000 0.524000 0.312000
3 0.512000 0.690667 0.332000 0.565333
3 0.717000 0.793333 0.262000 0.413333
3 0.541000 0.770667 0.262000 0.458667
3 0.143000 0.644000 0.246000 0.680000
3 0.225000 0.638667 0.202000 0.584000
3 0.357000 0.374667 0.070000 0.130667
3 0.671000 0.488000 0.170000 0.368000
3 0.679000 0.354667 0.114000 0.250667
3 0.351000 0.652000 0.226000 0.658667
3 0.316000 0.301333 0.072000 0.122667
3 0.446000 0.356000 0.060000 0.200000
3 0.564000 0.409333 0.148000 0.317333
3 0.595000 0.305333 0.034000 0.093333
