0 0.925000 0.414667 0.050000 0.061333
0 0.922000 0.424000 0.032000 0.048000
0 0.962000 0.560000 0.076000 0.250667
0 0.824000 0.480000 0.048000 0.090667
0 0.921000 0.616000 0.102000 0.261333
0 0.975000 0.569333 0.050000 0.045333
0 0.821000 0.681333 0.170000 0.322667
0 0.864000 0.812000 0.228000 0.376000
0 0.711000 0.686667 0.130000 0.354667
0 0.722000 0.762667 0.136000 0.341333
0 0.880000 0.818667 0.240000 0.362667
0 0.740000 0.937333 0.060000 0.125333
0 0.492000 0.988000 0.176000 0.024000
0 0.076000 0.988000 0.108000 0.024000
10 0.961000 0.502667 0.078000 0.194667
10 0.916000 0.574667 0.168000 0.258667
10 0.811000 0.736000 0.294000 0.394667
10 0.366000 0.858667 0.480000 0.282667
3 0.567000 0.713333 0.282000 0.573333
0 0.684000 0.693333 0.024000 0.080000
3 0.470000 0.385333 0.128000 0.402667
