10 0.747000 0.865333 0.506000 0.269333
0 0.204000 0.817333 0.404000 0.365333
0 0.919000 0.654667 0.098000 0.184000
10 0.465000 0.544000 0.090000 0.069333
3 0.099000 0.417333 0.118000 0.360000
14 0.597000 0.297333 0.018000 0.040000
14 0.568000 0.285333 0.036000 0.064000
14 0.470000 0.284000 0.076000 0.072000
0 0.712000 0.650667 0.344000 0.186667
3 0.297000 0.418667 0.058000 0.069333
3 0.769000 0.409333 0.038000 0.056000
3 0.515000 0.426667 0.058000 0.122667
3 0.544000 0.506667 0.160000 0.362667
3 0.706000 0.497333 0.244000 0.493333
3 0.291000 0.650667 0.418000 0.698667
14 0.168000 0.477333 0.064000 0.144000
