10 0.042000 0.823770 0.080000 0.133880
0 0.069000 0.862022 0.126000 0.275956
0 0.945000 0.939891 0.110000 0.120219
0 0.954000 0.819672 0.092000 0.153005
10 0.901000 0.825137 0.194000 0.267760
0 0.781000 0.812842 0.106000 0.286885
0 0.614000 0.710383 0.072000 0.076503
0 0.673000 0.856557 0.138000 0.286885
0 0.456000 0.838798 0.080000 0.295082
0 0.539000 0.871585 0.146000 0.256831
10 0.591000 0.846995 0.262000 0.306011
0 0.235000 0.572404 0.046000 0.106557
0 0.307000 0.602459 0.074000 0.139344
3 0.326000 0.550546 0.072000 0.166667
3 0.342000 0.506831 0.036000 0.079235
3 0.624000 0.460383 0.048000 0.079235
3 0.712000 0.469945 0.052000 0.054645
