0 0.645000 0.593093 0.070000 0.021021
0 0.801000 0.644144 0.066000 0.081081
0 0.802000 0.803303 0.044000 0.261261
0 0.725000 0.827327 0.118000 0.267267
0 0.663000 0.870871 0.178000 0.258258
0 0.486000 0.924925 0.180000 0.150150
0 0.248000 0.881381 0.216000 0.237237
3 0.523000 0.454955 0.034000 0.105105
3 0.581000 0.487988 0.102000 0.243243
3 0.525000 0.560060 0.078000 0.135135
12 0.649000 0.573574 0.018000 0.060060
12 0.605000 0.632132 0.026000 0.099099
12 0.488000 0.648649 0.024000 0.108108
3 0.409000 0.585586 0.090000 0.186186
3 0.317000 0.728228 0.142000 0.417417
3 0.275000 0.776276 0.230000 0.447447
3 0.920000 0.367868 0.040000 0.039039
3 0.907000 0.632132 0.186000 0.735736
14 0.916000 0.515015 0.168000 0.969970
10 0.538000 0.800300 0.520000 0.399399
