0 0.745000 0.390667 0.058000 0.104000
0 0.752000 0.462667 0.056000 0.093333
0 0.956000 0.766667 0.088000 0.173333
0 0.868000 0.674667 0.084000 0.144000
0 0.861000 0.585333 0.070000 0.136000
0 0.722000 0.518667 0.068000 0.120000
0 0.745000 0.701333 0.070000 0.138667
0 0.652000 0.505333 0.056000 0.130667
0 0.683000 0.777333 0.070000 0.141333
0 0.613000 0.850667 0.082000 0.144000
0 0.512000 0.912000 0.072000 0.149333
0 0.434000 0.918667 0.076000 0.162667
0 0.550000 0.706667 0.068000 0.149333
0 0.469000 0.546667 0.058000 0.133333
0 0.491000 0.422667 0.062000 0.120000
0 0.373000 0.385333 0.050000 0.104000
0 0.313000 0.450667 0.050000 0.138667
0 0.342000 0.637333 0.068000 0.144000
