3 0.956000 0.880000 0.088000 0.240000
0 0.897000 0.937333 0.086000 0.125333
0 0.841000 0.898667 0.074000 0.154667
0 0.777000 0.862667 0.130000 0.130667
0 0.772000 0.968000 0.136000 0.064000
0 0.729000 0.937333 0.074000 0.125333
0 0.648000 0.884000 0.060000 0.104000
0 0.595000 0.854667 0.058000 0.093333
0 0.478000 0.958667 0.140000 0.082667
0 0.432000 0.929333 0.108000 0.109333
0 0.394000 0.905333 0.104000 0.152000
0 0.221000 0.925333 0.102000 0.138667
0 0.169000 0.949333 0.146000 0.101333
10 0.849000 0.829333 0.138000 0.074667
10 0.487000 0.872000 0.142000 0.042667
10 0.538000 0.914667 0.168000 0.064000
10 0.611000 0.960000 0.194000 0.069333
10 0.100000 0.917333 0.140000 0.058667
10 0.049000 0.970667 0.094000 0.058667
