10 0.548000 0.702667 0.420000 0.594667
3 0.799000 0.789333 0.254000 0.421333
0 0.956000 0.924000 0.088000 0.152000
0 0.180000 0.840000 0.060000 0.320000
3 0.307000 0.576000 0.154000 0.309333
3 0.145000 0.565333 0.122000 0.517333
3 0.382000 0.556000 0.116000 0.296000
3 0.692000 0.665333 0.212000 0.397333
3 0.649000 0.533333 0.146000 0.202667
3 0.649000 0.461333 0.050000 0.160000
3 0.418000 0.462667 0.068000 0.157333
3 0.618000 0.481333 0.052000 0.173333
3 0.404000 0.362667 0.060000 0.101333
3 0.612000 0.380000 0.036000 0.045333
3 0.592000 0.401333 0.036000 0.130667
3 0.564000 0.376000 0.020000 0.090667
0 0.930000 0.846667 0.080000 0.306667
3 0.466000 0.384000 0.020000 0.042667
3 0.443000 0.378667 0.034000 0.032000
3 0.353000 0.766667 0.302000 0.466667
14 0.143000 0.544000 0.162000 0.330667
