10 0.368000 0.792000 0.600000 0.416000
0 0.547000 0.793333 0.258000 0.413333
0 0.603000 0.578667 0.102000 0.149333
0 0.449000 0.558667 0.078000 0.120000
0 0.184000 0.573333 0.100000 0.112000
0 0.143000 0.789333 0.222000 0.421333
0 0.242000 0.802667 0.276000 0.394667
0 0.082000 0.538667 0.056000 0.106667
0 0.015000 0.557333 0.026000 0.106667
14 0.754000 0.048000 0.124000 0.090667
14 0.490000 0.138667 0.164000 0.192000
14 0.791000 0.594667 0.138000 0.181333
12 0.710000 0.190667 0.032000 0.109333
12 0.693000 0.192000 0.026000 0.101333
12 0.678000 0.197333 0.024000 0.101333
14 0.798000 0.166667 0.092000 0.093333
