10 0.525000 0.668000 0.406000 0.269333
0 0.474000 0.900000 0.244000 0.200000
3 0.705000 0.725333 0.318000 0.357333
0 0.710000 0.857333 0.232000 0.285333
3 0.877000 0.600000 0.106000 0.256000
0 0.890000 0.738667 0.072000 0.277333
0 0.271000 0.832000 0.202000 0.330667
3 0.306000 0.642667 0.316000 0.352000
3 0.506000 0.464000 0.080000 0.138667
3 0.682000 0.533333 0.112000 0.186667
3 0.245000 0.546667 0.114000 0.208000
3 0.360000 0.489333 0.096000 0.141333
3 0.649000 0.497333 0.102000 0.157333
12 0.440000 0.568000 0.020000 0.090667
12 0.350000 0.525333 0.020000 0.069333
3 0.289000 0.538667 0.138000 0.224000
0 0.153000 0.616000 0.042000 0.208000
