10 0.568000 0.765333 0.380000 0.469333
3 0.947000 0.650667 0.106000 0.485333
3 0.618000 0.625333 0.280000 0.749333
0 0.654000 0.716000 0.364000 0.568000
3 0.254000 0.620000 0.504000 0.760000
14 0.477000 0.153333 0.118000 0.301333
12 0.212000 0.230667 0.060000 0.264000
12 0.171000 0.258667 0.058000 0.224000
12 0.078000 0.278667 0.052000 0.232000
12 0.066000 0.176000 0.064000 0.208000
12 0.137000 0.182667 0.018000 0.077333
12 0.142000 0.150667 0.028000 0.109333
12 0.165000 0.141333 0.030000 0.101333
12 0.224000 0.198667 0.048000 0.242667
