12 0.296000 0.592000 0.144000 0.586667
12 0.430000 0.557333 0.124000 0.554667
12 0.542000 0.522667 0.124000 0.533333
12 0.636000 0.457333 0.096000 0.498667
12 0.725000 0.482667 0.170000 0.496000
12 0.238000 0.508000 0.108000 0.562667
12 0.369000 0.302667 0.106000 0.205333
12 0.489000 0.274667 0.086000 0.170667
12 0.729000 0.241333 0.094000 0.125333
12 0.023000 0.212000 0.042000 0.418667
12 0.105000 0.200000 0.162000 0.394667
12 0.100000 0.562667 0.140000 0.346667
12 0.025000 0.598667 0.046000 0.338667
12 0.028000 0.898667 0.052000 0.202667
12 0.103000 0.865333 0.130000 0.269333
12 0.297000 0.942667 0.110000 0.114667
12 0.412000 0.932000 0.108000 0.136000
12 0.517000 0.922667 0.094000 0.154667
12 0.616000 0.898667 0.088000 0.202667
12 0.696000 0.888000 0.108000 0.224000
12 0.788000 0.866667 0.092000 0.266667
