3 0.539000 0.260000 0.118000 0.248000
3 0.599000 0.298667 0.058000 0.144000
3 0.655000 0.321333 0.066000 0.098667
3 0.779000 0.542667 0.222000 0.696000
3 0.246000 0.521333 0.268000 0.781333
3 0.485000 0.522667 0.266000 0.698667
4 0.096000 0.850667 0.180000 0.256000
4 0.266000 0.805333 0.176000 0.261333
4 0.441000 0.792000 0.178000 0.277333
4 0.579000 0.718667 0.174000 0.445333
4 0.710000 0.814667 0.172000 0.296000
1 0.974000 0.354667 0.052000 0.064000
1 0.840000 0.358667 0.052000 0.050667
1 0.123000 0.333333 0.066000 0.053333
