0 0.782000 0.895018 0.296000 0.209964
0 0.099000 0.866548 0.098000 0.266904
10 0.304000 0.891459 0.412000 0.217082
0 0.216000 0.969751 0.220000 0.060498
0 0.387000 0.774021 0.142000 0.046263
12 0.227000 0.048043 0.018000 0.088968
12 0.206000 0.044484 0.016000 0.081851
12 0.183000 0.044484 0.022000 0.081851
12 0.161000 0.042705 0.022000 0.078292
12 0.137000 0.037367 0.022000 0.067616
12 0.314000 0.453737 0.016000 0.067616
12 0.486000 0.496441 0.012000 0.074733
12 0.471000 0.487544 0.014000 0.056940
