12 0.527000 0.668675 0.022000 0.108434
3 0.156000 0.710843 0.204000 0.578313
3 0.124000 0.716867 0.220000 0.566265
3 0.043000 0.692771 0.082000 0.614458
3 0.201000 0.500000 0.066000 0.186747
3 0.264000 0.506024 0.112000 0.487952
3 0.358000 0.438253 0.136000 0.442771
3 0.481000 0.430723 0.142000 0.439759
3 0.579000 0.623494 0.186000 0.554217
3 0.589000 0.679217 0.318000 0.641566
3 0.839000 0.740964 0.234000 0.518072
3 0.904000 0.554217 0.152000 0.349398
10 0.535000 0.820783 0.410000 0.358434
12 0.395000 0.873494 0.046000 0.060241
