10 0.733000 0.838667 0.534000 0.322667
3 0.189000 0.661333 0.178000 0.677333
3 0.399000 0.734667 0.178000 0.530667
3 0.905000 0.740000 0.190000 0.333333
3 0.833000 0.725333 0.102000 0.154667
3 0.706000 0.700000 0.112000 0.162667
3 0.670000 0.666667 0.080000 0.138667
3 0.682000 0.552000 0.120000 0.330667
3 0.572000 0.625333 0.080000 0.136000
3 0.574000 0.596000 0.112000 0.200000
3 0.504000 0.589333 0.076000 0.144000
3 0.463000 0.573333 0.070000 0.128000
3 0.424000 0.522667 0.044000 0.101333
3 0.229000 0.465333 0.070000 0.152000
3 0.121000 0.577333 0.050000 0.264000
3 0.047000 0.533333 0.090000 0.112000
3 0.021000 0.582667 0.038000 0.130667
10 0.052000 0.865333 0.100000 0.269333
10 0.054000 0.658667 0.104000 0.165333
10 0.490000 0.765333 0.072000 0.261333
