10 0.454000 0.653333 0.440000 0.245333
10 0.307000 0.840000 0.610000 0.314667
3 0.654000 0.405333 0.252000 0.325333
3 0.758000 0.585333 0.320000 0.685333
3 0.799000 0.638667 0.402000 0.722667
3 0.466000 0.417333 0.072000 0.157333
3 0.391000 0.409333 0.126000 0.280000
3 0.308000 0.440000 0.236000 0.352000
3 0.127000 0.484000 0.226000 0.466667
3 0.445000 0.200000 0.118000 0.250667
3 0.606000 0.210667 0.052000 0.112000
3 0.554000 0.096000 0.036000 0.064000
3 0.735000 0.213333 0.038000 0.074667
3 0.770000 0.217333 0.036000 0.072000
3 0.758000 0.117333 0.020000 0.042667
3 0.066000 0.214667 0.036000 0.120000
