15 0.591000 0.918667 0.526000 0.162667
15 0.831000 0.846667 0.326000 0.221333
15 0.151000 0.874667 0.298000 0.245333
3 0.024000 0.769333 0.044000 0.328000
3 0.122000 0.786667 0.104000 0.336000
3 0.063000 0.780000 0.070000 0.322667
3 0.459000 0.765333 0.206000 0.298667
3 0.518000 0.816000 0.128000 0.368000
3 0.609000 0.814667 0.214000 0.370667
3 0.762000 0.765333 0.112000 0.282667
3 0.835000 0.760000 0.130000 0.330667
3 0.202000 0.712000 0.052000 0.181333
15 0.637000 0.765333 0.122000 0.085333
3 0.263000 0.704000 0.038000 0.149333
3 0.298000 0.733333 0.032000 0.080000
3 0.343000 0.704000 0.034000 0.106667
