12 0.758667 0.296000 0.072000 0.124000
10 0.501333 0.690000 0.997333 0.620000
12 0.182667 0.295000 0.141333 0.210000
12 0.508000 0.320000 0.082667 0.212000
12 0.317333 0.285000 0.080000 0.198000
12 0.429333 0.311000 0.080000 0.202000
12 0.352000 0.277000 0.053333 0.186000
12 0.264000 0.272000 0.080000 0.156000
12 0.390667 0.283000 0.040000 0.178000
12 0.489333 0.231000 0.098667 0.118000
12 0.390667 0.210000 0.088000 0.096000
12 0.640000 0.304000 0.053333 0.076000
12 0.686667 0.310000 0.040000 0.072000
