17 0.251000 0.954667 0.294000 0.090667
17 0.078000 0.884000 0.152000 0.232000
17 0.879000 0.872000 0.182000 0.234667
17 0.954000 0.816000 0.092000 0.250667
17 0.881000 0.661333 0.238000 0.266667
17 0.961000 0.528000 0.074000 0.096000
17 0.869000 0.517333 0.062000 0.042667
17 0.709000 0.637333 0.254000 0.282667
17 0.731000 0.485333 0.074000 0.074667
17 0.639000 0.548000 0.146000 0.152000
17 0.309000 0.354667 0.218000 0.432000
17 0.123000 0.404000 0.242000 0.434667
17 0.061000 0.098667 0.118000 0.074667
17 0.578000 0.837333 0.384000 0.325333
17 0.086000 0.168000 0.168000 0.101333
17 0.172000 0.194667 0.140000 0.080000
