14 0.904000 0.481333 0.128000 0.205333
14 0.030000 0.804000 0.056000 0.210667
14 0.017000 0.433333 0.030000 0.200000
3 0.188000 0.832000 0.160000 0.336000
3 0.309000 0.780000 0.142000 0.429333
3 0.477000 0.777333 0.166000 0.445333
3 0.584000 0.816000 0.136000 0.368000
3 0.719000 0.792000 0.226000 0.416000
3 0.229000 0.532000 0.142000 0.349333
3 0.366000 0.496000 0.124000 0.282667
3 0.467000 0.502667 0.094000 0.280000
3 0.561000 0.501333 0.094000 0.266667
3 0.644000 0.498667 0.116000 0.288000
3 0.728000 0.522667 0.120000 0.346667
16 0.585000 0.612000 0.398000 0.386667
0 0.107000 0.689333 0.150000 0.493333
0 0.902000 0.700000 0.196000 0.477333
