12 0.469333 0.425000 0.432000 0.418000
12 0.032000 0.087000 0.058667 0.170000
12 0.162667 0.175000 0.320000 0.346000
12 0.380000 0.198000 0.413333 0.392000
12 0.688000 0.150000 0.448000 0.296000
12 0.888000 0.137000 0.224000 0.270000
12 0.070667 0.444000 0.136000 0.284000
12 0.793333 0.412000 0.413333 0.368000
12 0.097333 0.796000 0.189333 0.376000
12 0.213333 0.779000 0.362667 0.442000
12 0.538667 0.747000 0.442667 0.410000
12 0.392000 0.958000 0.304000 0.084000
12 0.678667 0.930000 0.322667 0.140000
12 0.910667 0.902000 0.178667 0.196000
12 0.805333 0.706000 0.389333 0.392000
