17 0.707000 0.414667 0.090000 0.072000
17 0.568000 0.413333 0.080000 0.085333
17 0.303000 0.433333 0.078000 0.066667
17 0.400000 0.434667 0.056000 0.069333
17 0.944000 0.401333 0.068000 0.077333
17 0.114000 0.377333 0.068000 0.056000
17 0.244000 0.369333 0.072000 0.050667
17 0.272000 0.386667 0.052000 0.064000
17 0.308000 0.370667 0.052000 0.058667
17 0.496000 0.369333 0.052000 0.050667
17 0.581000 0.364000 0.026000 0.061333
17 0.526000 0.310667 0.020000 0.045333
17 0.579000 0.340000 0.042000 0.045333
17 0.563000 0.324000 0.038000 0.056000
