2 0.902000 0.522523 0.172000 0.186186
2 0.701000 0.536036 0.206000 0.183183
2 0.495000 0.539039 0.170000 0.219219
2 0.255000 0.542042 0.150000 0.153153
2 0.272000 0.590090 0.164000 0.195195
2 0.412000 0.725225 0.228000 0.267267
2 0.177000 0.663664 0.106000 0.216216
3 0.748000 0.566066 0.092000 0.201201
3 0.642000 0.575075 0.104000 0.195195
3 0.340000 0.480480 0.092000 0.378378
3 0.365000 0.623123 0.142000 0.471471
3 0.132000 0.363363 0.028000 0.072072
3 0.061000 0.396396 0.042000 0.132132
3 0.032000 0.533033 0.060000 0.459459
2 0.261000 0.588589 0.142000 0.186186
2 0.165000 0.590090 0.078000 0.183183
2 0.171000 0.659159 0.102000 0.231231
3 0.062000 0.343844 0.032000 0.075075
3 0.011000 0.339339 0.018000 0.072072
