1 0.246000 0.273333 0.176000 0.184000
15 0.531000 0.593333 0.938000 0.813333
15 0.080000 0.592000 0.156000 0.597333
15 0.587000 0.330667 0.138000 0.192000
1 0.439000 0.214667 0.070000 0.061333
15 0.827000 0.386667 0.138000 0.314667
15 0.501000 0.328000 0.086000 0.224000
3 0.420000 0.649333 0.232000 0.701333
3 0.130000 0.330667 0.188000 0.426667
3 0.357000 0.304000 0.146000 0.421333
3 0.933000 0.346667 0.134000 0.682667
3 0.735000 0.198667 0.046000 0.114667
3 0.667000 0.218667 0.074000 0.154667
3 0.601000 0.250667 0.050000 0.149333
3 0.557000 0.208000 0.034000 0.058667
