1 0.106000 0.561333 0.204000 0.136000
1 0.122000 0.577333 0.168000 0.109333
3 0.827000 0.564000 0.054000 0.312000
14 0.748000 0.596000 0.184000 0.376000
3 0.612000 0.564000 0.152000 0.648000
3 0.395000 0.566667 0.118000 0.488000
3 0.492000 0.588000 0.156000 0.610667
3 0.339000 0.553333 0.082000 0.178667
14 0.166000 0.629333 0.108000 0.154667
3 0.248000 0.605333 0.092000 0.256000
3 0.288000 0.521333 0.052000 0.168000
3 0.228000 0.501333 0.056000 0.112000
3 0.155000 0.506667 0.058000 0.138667
3 0.102000 0.528000 0.052000 0.202667
