2 0.663664 0.730000 0.114114 0.076000
3 0.596096 0.715000 0.051051 0.106000
3 0.466967 0.708000 0.051051 0.116000
3 0.364865 0.733000 0.057057 0.050000
3 0.432432 0.688000 0.042042 0.048000
3 0.665165 0.689000 0.051051 0.050000
3 0.085586 0.712000 0.039039 0.068000
3 0.782282 0.711000 0.033033 0.038000
3 0.815315 0.724000 0.033033 0.040000
3 0.824324 0.691000 0.027027 0.030000
3 0.888889 0.715000 0.024024 0.050000
3 0.909910 0.706000 0.036036 0.044000
3 0.990991 0.704000 0.018018 0.068000
3 0.554054 0.718000 0.075075 0.100000
3 0.536036 0.682000 0.027027 0.024000
3 0.509009 0.717000 0.057057 0.062000
1 0.018018 0.724000 0.030030 0.052000
14 0.303303 0.566000 0.084084 0.052000
14 0.906907 0.599000 0.078078 0.046000
